328.61,422.32,337.03,422.35,336.93,449.17,328.51,449.14
328.22,420.86,338.05,420.9,337.92,451.94,328.09,451.9
329.97,420.36,339.37,421.36,336.06,452.35,326.65,451.34
331.32,418.32,343.15,421.3,335.15,453.15,323.32,450.18
329.51,418.55,338.69,419.67,334.73,451.89,325.56,450.77
326.89,421.09,335.95,421.03,336.17,451.2,327.11,451.26
327.09,421.1,336.98,422.08,333.62,456.22,323.74,455.25
323.64,423.98,334.3,424.22,333.58,456.04,322.92,455.8
325.09,423.47,336.34,426.59,327.87,457.07,316.62,453.95
320.52,424.05,330.07,424.09,329.94,458.09,320.38,458.05
321.54,422.98,331.63,423.53,329.59,460.71,319.49,460.16
321.14,422.5,329.92,423.76,325.28,456.02,316.49,454.75
318.2,422.73,327.27,422.9,326.63,456.1,317.56,455.92
318.24,423.61,326.75,423.94,325.48,456.41,316.96,456.08
318.32,423.29,328.34,424.04,326.14,453.53,316.13,452.78
316.52,424.68,326.34,423.79,329.2,455.16,319.37,456.06
317.18,425.78,327.18,424.78,330.25,455.48,320.25,456.48
318.31,425.24,326.95,425.17,327.2,456.65,318.56,456.72
318.4,426.14,328.24,426.18,328.11,457.38,318.28,457.34
319.98,425.32,330.49,425.61,329.68,455.32,319.17,455.03
321.06,427.11,330.83,428.69,326.03,458.39,316.26,456.81
320.38,426.73,330.89,429.33,323.79,458.07,313.27,455.48
319,428,329,428,329,456,319,456
324.11,423.2,335.25,426.29,325.42,461.67,314.28,458.58
322.29,428,332.38,429.67,327.41,459.6,317.32,457.93
323.96,426.37,336.33,430.18,326.69,461.52,314.32,457.71
325.07,427.42,336.72,430.92,327.01,463.3,315.36,459.81
325.93,430.42,335.33,431.25,332.22,466.62,322.82,465.8
326.27,433.28,335.47,433.48,334.69,470.08,325.49,469.89
325.97,436.16,336.68,437.95,330.95,472.32,320.24,470.54
324.51,432.42,333.8,432.77,332.3,471.95,323.01,471.59
322.52,435.26,331.17,435.33,330.87,471,322.22,470.93
322.13,434.01,332.88,433.99,332.94,470.06,322.2,470.08
324.38,429.77,334.74,431.25,329.22,470.03,318.86,468.55
323.56,430.05,333.82,431.58,328.36,468.29,318.1,466.76
320.34,431.37,330.37,431.65,329.42,465.77,319.39,465.49
317.17,431.2,327.95,431.12,328.22,468.33,317.44,468.41
317.8,433.86,328.89,434.95,325.57,468.81,314.48,467.72
313.12,437.15,325.89,435.7,329.93,471.48,317.16,472.92
314.36,438.6,325.46,438.7,325.12,477.26,314.02,477.16
313.96,440.98,325.37,441.27,324.37,480.17,312.96,479.88
314.1,446.28,324.29,446.56,323.34,481.84,313.15,481.57
312.77,441.91,321.94,442.55,319.45,478.33,310.28,477.69
311.33,437.66,319.82,437.91,318.74,475.44,310.25,475.19
313.24,433.98,321.32,434.17,320.44,472.01,312.35,471.82
309.76,430.94,320.5,431.24,319.51,466.19,308.77,465.88
309.61,427.98,321.26,431.48,312.2,461.66,300.55,458.17
307.75,426.36,317,429,308.32,459.38,299.08,456.74
304.53,426.63,313.88,427.41,311.06,461.34,301.7,460.56
300.64,427.45,310.55,426.5,313.75,459.87,303.85,460.82
301.4,426.71,310.69,427.1,309.18,462.75,299.89,462.35
304.72,430.15,314.15,430.88,311.36,466.88,301.93,466.15
304.64,429.52,315.56,431.08,310.22,468.46,299.3,466.9
303.39,428.69,312.58,429.12,310.79,467.21,301.6,466.77
303.98,427.92,316.36,431.25,306.86,466.5,294.49,463.17
300.94,425.36,311.24,425.54,310.56,463.9,300.26,463.71
301.5,427.98,313.13,430.62,305.47,464.33,293.84,461.69
297.26,425.89,306.45,426.1,305.58,463.34,296.39,463.13
296.09,426.21,306.12,427.24,302.38,463.9,292.35,462.88
295.82,425.91,306.11,427.41,300.63,465.04,290.34,463.54
292.73,425.07,303.13,425.17,302.77,462.34,292.37,462.24
288.99,422.08,299.52,422.07,299.56,460.89,289.03,460.9
291.86,419.7,302.21,421.68,294.53,461.8,284.18,459.82
290.53,422.34,300.19,423.73,294.97,460.09,285.32,458.71
291.23,422.69,300.87,424.39,294.71,459.3,285.07,457.6
288.23,420.79,297.02,421.07,295.78,459.88,286.98,459.59
289.72,422.53,299.47,423.75,294.87,460.55,285.12,459.33
292.49,423.91,301.41,424.93,296.98,463.5,288.06,462.48
292.15,424.85,302.97,426.98,296.08,462.05,285.26,459.92
293.09,424.22,303.76,425.98,297.9,461.51,287.24,459.75
291.45,423,300.05,423.02,299.95,462.31,291.35,462.29
292.23,423.72,302.89,425.07,298.45,460.19,287.78,458.84
289.61,423.93,301.71,424.56,299.86,459.61,287.77,458.97
289.88,424.06,300.95,425.54,296.46,459.03,285.39,457.54
288.25,419.6,298.06,419.64,297.91,456.92,288.1,456.88
288.86,418.14,297.04,418.14,297.04,456,288.86,456
289.04,415.55,298.78,416.43,295.24,455.39,285.5,454.5
286.78,415.23,297.77,414.88,299.06,454.71,288.07,455.06
287.16,411.72,297.59,412.18,295.78,452.7,285.35,452.24
287.4,408.4,297.24,409.25,293.72,450.15,283.87,449.3
285.72,406.24,295.85,407.19,292.44,443.66,282.3,442.71
283.38,401.51,294.07,401.56,293.86,441.82,283.17,441.76
285.33,396.61,295.05,397.59,291.32,434.71,281.6,433.73
285.16,394.36,294.55,395.42,290.36,432.43,280.98,431.37
283.86,391.1,294.04,392.7,288.12,430.26,277.94,428.66
282.8,387.4,293.72,388.96,287.82,430.26,276.9,428.7
280.68,386,290.14,386.11,289.67,427.99,280.21,427.89
280.68,385.96,289,385.94,289.06,424.95,280.75,424.96
280.45,383.32,289.58,384.04,286.47,423.44,277.34,422.72
279.99,380.55,290.59,381.37,287.44,422.22,276.84,421.4
279.2,381.25,289.02,381.26,288.98,418.83,279.15,418.82
280.59,380.83,290.08,380.91,289.74,419.45,280.25,419.36
280.8,380.41,291.05,380.95,289.07,418.82,278.82,418.28
282.12,380.13,291.68,380.47,290.34,419.19,280.77,418.86
282.63,381.41,291.82,382.11,288.85,420.77,279.66,420.06
284.12,380.6,294.7,382.49,287.35,423.72,276.77,421.84
281.6,384.36,291.95,384.22,292.48,422.08,282.13,422.22
281.37,387.59,292.08,387.7,291.67,426.66,280.97,426.55
282.3,390.35,292.18,391.06,289.76,424.81,279.89,424.11
281.93,391.56,291.8,391.95,290.58,423.26,280.72,422.87
281.11,390.15,291.43,390.74,289.61,422.27,279.29,421.67
283.61,388.25,294.31,390.62,287.01,423.45,276.32,421.07
282.28,387.26,291.53,388.32,287.72,421.69,278.47,420.63
279,389,290,389,290,421,279,421
277.52,389.57,288.06,389.63,287.89,421.94,277.35,421.89
276,390,287,390,287,421,276,421
275,390,286,390,286,422,275,422
272.34,388.29,283.29,389.66,278.97,424.25,268.02,422.88
267.46,389.54,279.38,388.55,282.52,426.29,270.61,427.28
267,388,278,388,278,427,267,427
264.61,387.31,275.12,387.46,274.55,427.34,264.04,427.19
265.1,390.99,274.68,391.29,273.55,427.75,263.97,427.45
264.15,390.25,273.69,390.45,272.97,424.12,263.44,423.92
264.59,392.21,275.3,391.96,276.08,425.58,265.37,425.82
262.01,391.66,274.52,390.54,277.63,425.13,265.12,426.26
264.17,390.56,274.87,391.05,273.33,424.56,262.63,424.07
263.29,390.86,274.04,390.9,273.92,425.91,263.17,425.87
263.25,392.46,274.31,392.77,273.32,428.14,262.26,427.83
262.58,392.7,273.1,392.8,272.79,425.75,262.27,425.66
261.91,390.95,273.27,391.37,271.96,426.6,260.6,426.18
262.1,389.21,272.18,389.34,271.7,424.4,261.62,424.26
261.53,390.49,272.5,390.45,272.63,422.24,261.66,422.28
261.74,391.04,271.34,391.32,270.52,419.51,260.93,419.23
262.15,390.8,272.58,391.3,271.1,422.16,260.67,421.66
262.66,391.52,272.94,392.53,269.56,426.65,259.29,425.63
263,399,272,399,272,427,263,427
262.86,404.16,274.71,403.25,276.94,432.16,265.08,433.07
264.64,400.63,275.09,400.72,274.81,434.39,264.36,434.31
264.89,401,274.25,401.21,273.49,434.34,264.14,434.13
266.48,400.19,276.01,401.46,271.88,432.41,262.34,431.13
264.4,401.29,275.76,401.45,275.32,431.13,263.96,430.96
265.43,401.53,276.29,401.86,275.27,435.07,264.41,434.74
264.47,400.93,275.03,400.96,274.93,436.14,264.38,436.11
265,399,276,399,276,432,265,432
266.73,397.52,277.97,398.38,275.34,432.56,264.1,431.7
266.53,397.54,277.97,398.36,275.39,434.53,263.95,433.71
264.31,397.61,276.1,397.71,275.79,434.79,264,434.69
267.19,396.86,278.7,398.78,272.19,437.86,260.68,435.95
265.47,397.46,276.77,398.27,274.03,436.57,262.73,435.77
264.15,396.71,274.33,396.86,273.76,436.96,263.58,436.81
262.17,399.76,274.18,399.78,274.11,438.02,262.1,438
262,400,273,400,273,436,262,436
262,398,273,398,273,436,262,436
261.8,399.54,274.1,400.23,271.82,441.16,259.53,440.47
262.53,399.22,274.36,400.64,269.5,441.18,257.67,439.76
262.36,396.61,273.15,397.6,269.5,437.26,258.71,436.26
262.52,396.28,273.28,397.48,268.9,436.88,258.15,435.68
261.26,395.43,271.95,396.5,268.02,435.8,257.33,434.73
259.33,395.39,269.79,396.34,266.07,437.28,255.61,436.33
258.04,393.5,268.72,394.39,265.47,433.37,254.79,432.48
257.35,392.11,267.28,393.59,262.05,428.7,252.12,427.22
255.14,391.15,265.39,392.68,259.87,429.74,249.62,428.21
254.24,390.43,265.13,392.64,257.97,427.98,247.07,425.78
252.22,388.28,262.31,389.54,258.28,421.78,248.18,420.52
246.55,385.38,256.73,386.23,253.96,419.5,243.78,418.65
247.64,382.21,256.3,384.13,248.84,417.72,240.18,415.8
243.76,379.89,253.74,381.94,246.87,415.52,236.88,413.47
243.13,382.95,252.24,384.79,245.43,418.59,236.32,416.76
240.04,387.54,250.59,388.35,248.12,420.47,237.56,419.66
239.87,391.08,251.31,393.62,244.55,424.01,233.12,421.47
238.78,393.3,249.81,395.14,244.57,426.59,233.54,424.76
242.98,398.09,252.49,399.82,246.55,432.46,237.05,430.74
246.24,401.41,255.81,401.6,255.19,434.08,245.61,433.9
254.04,400.72,266.22,402.46,260.78,440.54,248.6,438.8
259,407,270,407,270,436,259,436
264.23,404.5,277.46,402.47,282.72,436.66,269.49,438.69
274.08,406.9,286.61,405.76,289.66,439.3,277.13,440.44
280.06,406.18,290.87,405.88,291.82,439.71,281,440.01
279.76,403.81,290.82,404.06,290.05,437.81,278.99,437.56
279.73,397.35,292.42,399.88,285.77,433.15,273.08,430.62
280.22,390.25,293.58,392.35,288.21,426.35,274.86,424.24
279.62,388.27,293.41,390.57,287.78,424.3,274,422
274.96,392.19,288.62,394.92,281.85,428.77,268.19,426.04
265.68,397.32,277.81,398.46,274.41,434.41,262.28,433.27
253.97,404.36,268.39,405.67,265.31,439.57,250.89,438.26
244.94,401.16,258.82,403.08,253.69,440.23,239.82,438.32
241.35,396.62,255.61,398.1,251.87,434.23,237.61,432.75
238.14,392.85,249.77,394.75,244.15,429.25,232.52,427.36
232.98,386.98,245.15,388.87,239.53,425.02,227.36,423.13
226.85,387.42,239.95,389.84,233.58,424.29,220.47,421.86
221.35,392.15,232.89,393.8,228.41,425.07,216.87,423.42
219.44,393.28,231.5,396.66,222.19,429.89,210.14,426.52
213.21,394.9,223.81,395.48,221.89,430.75,211.29,430.17
207.98,397.32,220.12,397.55,219.48,432.16,207.33,431.93
206.54,399.31,217.31,401.46,210.5,435.5,199.73,433.35
203.29,401.3,214.5,404.2,205.39,439.36,194.18,436.45
198.6,402.36,209.33,404.8,201.76,438.17,191.03,435.73
194.59,400.58,204.9,401.64,201.29,436.51,190.99,435.44
192.2,403.88,202.03,403.9,201.97,439.91,192.14,439.89
191.7,405.85,200.02,406.48,197.37,441.64,189.05,441.01
191.05,407.76,198.03,408.12,196.13,445.62,189.14,445.26
191.71,406.55,199.28,407.43,194.7,446.75,187.13,445.87
190.12,407.42,200.88,409.58,193.73,445.35,182.96,443.19
187.89,408.26,199.61,408.97,197.55,442.99,185.83,442.27
189.12,407.98,199.01,407.97,199.06,443.71,189.18,443.73
192.13,408.23,201.75,408.39,201.17,444.11,191.55,443.95
195,410,206,410,206,445,195,445
199,407,209,407,209,443,199,443
201.3,403.22,212.7,402.68,214.41,438.55,203,439.1
205.02,400.69,216.95,401.61,214.35,435.49,202.42,434.57
208.4,394.8,220.95,396.37,216.26,433.91,203.71,432.34
211.36,393.67,224.57,395.97,218.4,431.46,205.19,429.16
210.93,397.71,225.23,398.25,223.81,436.47,209.51,435.94
211,401,224,401,224,437,211,437
216,404,227,404,227,441,216,441
218,407,231,407,231,443,218,443
219.34,403.01,232.34,403.13,231.98,440.58,218.98,440.45
221.64,403.54,235.87,404.33,233.85,440.66,219.62,439.87
223.3,403.58,234.65,404.84,230.74,440.11,219.39,438.86
216.81,403.37,228.08,403.4,228,439.02,216.74,439
213.51,405.17,223.56,405.43,222.68,439.26,212.64,439
212.19,410.82,221.88,411.62,219.17,444.42,209.48,443.62
212.5,406.28,221.61,407.11,218.12,445.63,209,444.8
210.32,411.58,220.57,412.47,217.66,445.98,207.41,445.09
208.81,411.32,220.31,412.28,217.05,451.42,205.54,450.46
207.97,411.47,219.13,411.64,218.53,451.3,207.38,451.13
209.06,409.34,220.56,410.3,217.05,452.42,205.54,451.46
210.65,410.83,222.46,412.31,217.42,452.68,205.6,451.2
207.98,410.86,219.78,411.67,216.85,454.13,205.05,453.31
211.01,412.85,221.72,413.67,218.68,453.21,207.97,452.38
212.37,412.66,223.1,412.76,222.73,453.17,212,453.07
213.28,411.25,222.99,411.24,223.05,450.76,213.34,450.77
212.65,409.54,224.66,408.76,227.09,446.35,215.07,447.12
213.5,409.62,225.02,409.09,226.74,445.89,215.21,446.42
218.5,413.04,228.85,414.28,224.38,451.48,214.03,450.24
218.21,407.36,228.35,407.37,228.31,450.02,218.17,450.01
217.87,407.74,228.32,407.29,230.22,451.09,219.77,451.55
220.2,410.59,229.93,410.24,231.37,450.38,221.64,450.73
218.16,411.49,231.86,410.87,233.76,452.78,220.06,453.41
218.15,413.47,232.6,412.84,234.6,458.76,220.15,459.38
219,417,233,417,233,459,219,459
221.76,421.27,236.7,421.17,236.98,461.3,222.04,461.4
218.27,425.49,234.41,424.82,236.41,472.86,220.27,473.53
216.54,427.64,231.21,426.98,233.26,472.54,218.59,473.2
216.09,428.22,233.98,428.81,232.36,478.12,214.48,477.53
212.65,430.18,229.31,430.51,228.27,483.27,211.61,482.94
213.05,438.82,230.23,440.22,226.57,485.27,209.39,483.87
218.04,438.54,234.83,443.26,222.71,486.32,205.93,481.59
210.29,437.01,227.8,439.59,221.27,483.95,203.77,481.38
212.72,439.29,227.3,440.54,223.8,481.33,209.22,480.08
214.41,426.59,230.07,428.89,222.65,479.39,206.99,477.09
217.92,426.33,231.69,429.57,220.24,478.23,206.47,474.99
213.72,425.41,228.37,427.08,222.58,477.72,207.94,476.05
214.12,420.74,228.93,423.2,219.37,480.83,204.55,478.38
216.29,420.61,232.37,424.29,219.45,480.72,203.37,477.04
214.65,422.12,228.07,422.93,224.82,476.73,211.4,475.91
217.94,417.78,230.4,419.74,221.19,478.24,208.72,476.28
217.2,418.96,230.01,420.75,221.64,480.52,208.83,478.73
219.21,425.69,232.14,427.37,224.86,483.36,211.93,481.68
217.38,426.99,232.15,428.05,227.96,486.28,213.19,485.22
221.98,424.19,235.77,425.64,229.25,487.61,215.46,486.16
224.46,426.98,236.79,428.46,229.18,491.75,216.85,490.26
225.28,425.88,240.84,427.56,233.94,491.54,218.38,489.86
229.92,424.57,244.29,426.7,234.12,495.44,219.75,493.31
228.09,431.21,245.94,435.1,232.71,495.81,214.86,491.92
229.41,432.9,246.14,434.36,240.67,497.12,223.95,495.66
229.15,437.1,246.98,438.53,241.75,503.75,223.91,502.32
226.16,437.11,246.07,438.18,242.41,506.61,222.51,505.55
225.44,438.24,244.71,438.83,242.65,505.83,223.38,505.24
226.04,438.98,245.4,440.36,240.24,512.72,220.88,511.34
223.73,441.51,243.9,443,238.44,517.22,218.27,515.74
216.21,442.09,238.39,442.51,236.94,518.91,214.76,518.49
210.57,446.48,235.69,446.56,235.44,522.71,210.32,522.62
210.64,442.68,237.99,443.02,237.02,520.41,209.68,520.07
212.81,442.82,240.6,443.56,238.5,522.68,210.71,521.94
208.15,444.24,238.44,444.79,237.04,521.6,206.75,521.05
210.69,442.53,239.02,444.51,233.27,527.19,204.93,525.21
201.75,446.58,230.42,446.36,231.09,533.59,202.42,533.81
203.52,448.5,231.93,449.1,230.25,530.07,201.84,529.48
205.44,446.23,230.31,446.52,229.33,532.05,204.45,531.77
208.38,437.3,232.09,439.07,225.51,527.06,201.8,525.28
206.56,434.83,228.68,435.69,225.2,524.92,203.09,524.06
226.9,433.09,206.25,431.75,200.75,516.91,221.41,518.24
203.67,429.56,224.31,431.07,218.12,516.03,197.47,514.52
203.55,422.91,224.08,424.7,216.46,512.43,195.93,510.65
199.19,417.73,219.95,418.65,215.99,508.76,195.23,507.85
201.13,415.64,221.08,416.99,215.05,506.45,195.09,505.11
202.06,414.46,222.1,415.82,216.21,502.7,196.17,501.35
204.15,414.7,224.62,416.03,219.07,501.23,198.6,499.9
205.2,417.73,226.85,419.29,221.02,500.42,199.37,498.86
207.14,418.25,229.15,419.55,224.25,502.43,202.24,501.13
208.32,417.71,230.91,419.3,225.11,501.32,202.52,499.72
209.04,419.82,230.89,421.48,224.69,503.22,202.84,501.56
209.39,417.29,230.8,419.93,220.86,500.48,199.45,497.84
208.87,418.81,231.64,421.79,221.84,496.8,199.06,493.82
207.47,414.39,231.37,416.87,222.63,501.07,198.73,498.59
204.64,412.95,227.8,414.67,221.21,503.6,198.05,501.88
193.9,417.99,217.61,417.91,217.86,501.08,194.15,501.15
181.76,419.11,205.09,418.97,205.61,506.28,182.27,506.42
180.19,423.29,205.86,424.56,201.59,511.14,175.93,509.88
173.82,423.05,199.08,424.52,194.11,509.97,168.85,508.5
171.01,424.8,195.43,425.21,193.91,514.34,169.49,513.92
166.14,427.82,190.27,428.13,189.14,516.01,165.01,515.69
155.27,427.03,181.19,427.25,180.45,515.77,154.52,515.55
156.18,427.9,182.51,429.71,176.21,521.59,149.88,519.79
158.01,432.92,184.07,435.99,173.86,522.71,147.79,519.64
158.42,437.04,186.19,440.32,176,526.64,148.22,523.36
159.67,440.76,187.77,444.07,178.67,521.41,150.57,518.1
155.91,440.52,183.37,442.16,178.03,531.15,150.56,529.51
162.86,442.45,189.07,444.99,180.43,534.26,154.22,531.73
166.82,442.33,191.06,443.9,185.18,534.84,160.94,533.27
173.12,444.1,196,445.11,192.05,534.11,169.17,533.1
174.1,443.95,196.26,444.2,195.26,532.59,173.1,532.34
178.39,443.18,202.38,445.14,195.17,533.39,171.18,531.43
185.11,449.03,206.62,451.2,197.65,540.09,176.15,537.92
186.26,448.29,206.46,450.66,195.62,542.95,175.42,540.58
187.78,450.93,208.29,453.7,195.58,547.77,175.07,545
183.61,451.88,208.91,454.89,198.28,544,172.98,540.98
184.65,452.68,207.95,456.36,194.68,540.32,171.38,536.64
187.37,451.55,211.14,454.5,199.48,548.61,175.72,545.66
186.52,449.17,209.36,451.45,199.7,547.95,176.86,545.67
184.91,445.08,207.5,447.79,196.13,542.65,173.54,539.94
181.64,438.73,203.48,440.84,194.1,537.53,172.26,535.42
173.5,428.01,195.75,429.95,187.26,527.46,165.01,525.53
171.83,422.19,196.83,425.9,182.7,521.23,157.7,517.53
171.72,422.68,195.83,425.31,185.76,517.8,161.65,515.17
171.01,417.49,196.49,420.15,186.81,512.93,161.32,510.27
179.35,418.63,204.89,421.21,195.52,514.2,169.97,511.62
183.81,426.65,210.12,426.77,209.71,517.8,183.4,517.68
196.67,428.3,222.25,429.74,217.04,521.98,191.45,520.54
204.19,426.53,226.74,427.14,224.18,522.12,201.62,521.51
213.87,429.26,238.73,430.35,234.49,527.19,209.62,526.1
220.33,436.71,245.09,436.79,244.78,532.51,220.02,532.43
224.22,442.6,251.49,443.12,249.78,532.1,222.51,531.57
231.14,443.77,258.95,444.76,256.05,526.4,228.24,525.41
238.46,445.1,265.76,446.45,261.45,533.14,234.15,531.78
242.15,443.52,270.89,444.42,268.01,536.51,239.27,535.61
249.73,440.06,277.45,441.4,272.92,534.48,245.21,533.13
253.09,437.72,278.91,439.07,274.36,526.35,248.54,525.01
254.95,430.98,281.02,432.18,276.58,528.39,250.51,527.19
259.18,428.23,285.72,431.07,276.47,517.59,249.93,514.75
263.92,425.62,289.61,428.47,280.18,513.51,254.49,510.66
264.96,424.22,290.7,426.96,281.6,512.68,255.86,509.95
267.47,420.48,291.11,423.47,279.11,518.22,255.48,515.23
266.92,421.11,291.44,424.29,279.56,515.65,255.04,512.46
263.73,422,290.53,424.94,281.18,510.29,254.38,507.36
268.41,426.03,291.42,428.06,283.26,520.79,260.24,518.77
271.41,425.49,293.31,429.14,277.95,521.37,256.06,517.72
269.23,424.86,290.56,428.53,274.48,521.98,253.16,518.31
270.1,422.74,291.74,427.2,272.18,522.12,250.53,517.66
259.05,421.16,281.39,421.44,280.22,514.74,257.88,514.46
263.57,419.63,285.64,423.7,267.7,520.91,245.63,516.84
263.43,418.78,286.68,422.91,269.42,519.99,246.17,515.86
267.36,412.78,289.96,416.9,271.86,516.19,249.26,512.07
266.16,412.92,288.26,413.6,285.5,504.19,263.41,503.52
264.35,413.9,287.03,415.64,280.19,505.05,257.51,503.31
262.06,414.09,284.26,415.43,278.85,504.86,256.64,503.51
263.71,415.61,285.3,417.46,277.5,508.43,255.91,506.58
262.06,412.83,285.11,415.66,273.97,506.53,250.91,503.7
260.4,410.38,286.35,413.03,277.89,495.91,251.94,493.26
261.28,403.25,285.42,405.63,276.16,499.69,252.02,497.31
260.28,399.86,284.57,402.38,274.95,494.95,250.66,492.43
257.12,403.43,282.87,405.31,276.28,495.46,250.53,493.58
257.49,399.37,283.34,401.44,276.13,491.34,250.28,489.26
258.64,393.23,285.83,395.66,277.98,483.54,250.79,481.11
263.49,385.08,288.2,387.46,279.48,478.15,254.77,475.78
262.71,383.01,291.73,385.71,284.19,466.69,255.17,463.98
266.44,383.12,295.26,386.18,286.07,472.6,257.24,469.53
266.25,378.67,295.23,381.68,286.62,464.48,257.65,461.47
267.27,376.85,294.54,379.94,283.27,479.47,255.99,476.38
266.83,375.68,293.65,377.98,286.49,461.57,259.67,459.27
271.02,375.54,297.15,377.85,288.68,473.62,262.55,471.31
273.39,379.5,296.71,381.43,288.61,479.25,265.29,477.32
273.68,381.89,298.77,384.22,289.89,479.94,264.8,477.61
275.14,382,299.43,385.2,286.3,484.91,262,481.71
275.75,384.96,299.87,388.65,284.51,489.02,260.39,485.33
273,391.94,296.91,395.18,283.27,495.77,259.36,492.53
273.52,398.3,298.73,402.76,282.7,493.25,257.5,488.79
269.7,403,295.43,407.41,279.14,502.47,253.41,498.06
269.74,405.31,292.7,408.48,278.23,513.2,255.27,510.03
267.33,407.69,291.16,410.98,276.09,519.98,252.27,516.69
265.07,406.96,290.87,410.74,274.82,520.38,249.01,516.6
264.75,408.37,289.29,410.76,278.39,522.82,253.86,520.43
268.67,408.4,296.4,411.57,283.58,523.64,255.85,520.47
271.13,408.3,296.88,411.76,281.55,525.73,255.8,522.26
270.82,405.9,297.61,409.85,281.34,520.39,254.54,516.44
269.1,405.43,298.03,408.47,286.4,519.31,257.47,516.28
269.99,403.81,298.97,406.46,288.51,521.08,259.52,518.43
272.99,399.14,301.1,401.68,290.61,517.97,262.5,515.43
277.33,397.05,307.51,400.53,294.09,516.88,263.91,513.4
276.1,402.2,306.67,405.67,293.37,523.05,262.8,519.58
294.03,529.07,263.15,526.24,274.34,404.05,305.22,406.87
271.36,403.87,302.88,405.41,296.84,529.3,265.31,527.76
272.27,401.09,303.54,403.29,295.07,523.47,263.8,521.27
267.36,398.54,299.23,400.82,290.62,520.72,258.76,518.43
268.76,398.89,300.47,402.02,289.04,517.65,257.33,514.51
273.4,397.72,304.82,401.41,290.73,521.35,259.3,517.65
267.48,398.48,302.03,402.05,290.38,514.99,255.83,511.43
264.23,400.31,300.52,403.38,290.27,524.84,253.98,521.78
265.77,400.55,299.73,402.95,290.09,539.43,256.14,537.03
259.58,398.67,295.06,399.67,291.01,542.63,255.54,541.63
262.52,396.41,299.18,399.41,288.07,535.11,251.42,532.11
260.52,397.96,298.97,401.18,286.92,544.75,248.47,541.53
257.29,396.03,294.8,398.93,283.54,544.41,246.04,541.51
257.34,399.46,295.3,401.38,287.6,553.72,249.64,551.8
262.28,406.55,300.03,409.22,288.83,567.8,251.08,565.13
262.47,415.7,301.81,418.73,289.41,579.23,250.08,576.19
261.5,418.21,300.87,421.32,288.39,579.65,249.02,576.55
262.51,422.49,301.84,425.47,289.78,584.63,250.45,581.65
261.55,431.39,302.01,434.59,289.33,595.09,248.87,591.89
262.39,439.07,304.78,442.97,289.81,605.74,247.42,601.84
261.64,442.05,303.25,445.29,290.51,608.93,248.9,605.69
258.19,438.98,298.79,442.14,286.08,605.28,245.48,602.12
254.49,434.12,294.88,437.2,283.55,586.08,243.16,583.01
253.56,428.69,293.57,432.99,276.37,593,236.35,588.69
246.23,425.81,288.31,429.47,274.25,591.23,232.17,587.57
236.47,418.28,276.91,419.15,273.45,578.29,233.01,577.41
236.28,399.46,278.13,403.74,261.75,563.92,219.9,559.64
233.42,387.37,274.94,391.74,258.11,551.51,216.59,547.14
237.27,380.82,278.05,384.92,261.74,547.31,220.97,543.21
236.75,384.13,278.65,388.91,260.2,550.42,218.3,545.63
238.16,385,279.7,389.58,261.66,553.24,220.12,548.67
239.64,386.86,282.88,390.7,268.55,551.69,225.32,547.84
242.26,386.14,283.19,391.02,263.81,553.55,222.88,548.67
243.47,391.99,283.72,396.7,264.66,559.61,224.42,554.9
245.18,392.28,290.91,400.44,261.6,564.86,215.87,556.7
249.72,391.76,289.2,397.09,266.7,563.77,227.23,558.44
250.02,390.81,290.72,396.5,267.44,563.17,226.73,557.48
247.73,388.07,289.75,393.48,268.44,559.16,226.42,553.76
248.2,385.78,291.47,391.89,268.21,556.74,224.95,550.64
248.27,386.03,292.56,393.11,266.74,554.66,222.44,547.58
245.88,383.41,291.78,390.84,266.03,550.01,220.13,542.58
248.88,384.89,291.8,390.93,268.98,553.27,226.06,547.24
250.44,386.19,292.3,391.54,270.86,559.29,229,553.94
258.45,394.15,297.86,399.05,276.85,567.9,237.44,563
263.02,407.07,301.61,411.64,281.08,584.99,242.49,580.42
258.08,421.77,298.68,425.23,284.09,596.23,243.49,592.76
257.7,425.36,300.38,428.8,286.86,596.03,244.19,592.59
257.04,421.68,301.06,423.57,293.79,592.16,249.77,590.26
263.08,424.28,303.06,427.12,290.95,597.55,250.97,594.71
258.12,419.29,300.15,422.76,285.81,596.54,243.78,593.08
251.81,416.42,296.21,420.71,279.48,594.09,235.08,589.81
240.48,417,285.48,421.35,268.77,594.02,223.76,589.66
238.84,408.35,284.11,413.95,263.19,582.88,217.93,577.27
238.83,397.93,285.59,405.78,257.44,573.65,210.67,565.81
237.02,393.74,283.75,400.3,260.22,567.9,213.48,561.33
236.44,392.4,283.61,399.2,259.72,564.95,212.54,558.15
234.33,391.15,281.15,397.79,258.66,556.45,211.84,549.81
238.57,392.14,285.41,400.51,256.9,560.1,210.06,551.73
238.87,393.74,285.49,401.5,258.61,562.95,211.98,555.19
239.7,395.87,284.99,403.24,259.02,562.84,213.73,555.47
239.53,408.98,284.15,415.71,260.42,573.07,215.81,566.35
239.48,407.65,282.15,412.78,263.34,569.41,220.66,564.28
244.68,410.19,284.93,415.56,264.68,567.36,224.44,562
250.97,411.68,288.68,415.46,273.41,567.72,235.7,563.94
252.92,412.22,293.01,417,274.92,568.82,234.83,564.04
256.24,414.92,294.6,419.37,277.55,566.19,239.19,561.73
252.41,415.45,289.92,419.12,275.55,566.18,238.04,562.51
247.09,410.09,287.03,413.61,274.48,556.21,234.53,552.69
246.18,405.21,283.84,408.29,272.46,547.45,234.8,544.38
245.52,403.64,283.88,407.74,269.38,543.44,231.01,539.34
241.96,400.08,280.53,403.71,267.9,537.77,229.33,534.13
236.49,399.33,273.85,401.45,266.48,531.8,229.13,529.69
235.32,400.98,271.77,404.66,258.52,535.89,222.07,532.21
234.29,400.48,269.02,404.49,253.55,538.62,218.82,534.62
229.43,400.16,264.06,404.47,247.86,534.43,213.24,530.11
224.14,399.71,258.61,402.12,249.46,532.99,214.99,530.58
225.19,401.18,258.72,403.84,248.53,532.67,215,530.01
223.19,401.65,254.56,403.3,247.77,532.39,216.4,530.74
223.82,399.79,253.95,401.24,247.73,531.18,217.6,529.74
223.65,398.66,255.63,400.78,247.04,530.51,215.06,528.39
224.16,397.65,254.11,400.58,241.69,527.98,211.73,525.06
226.66,397.99,254.73,401.18,240.92,522.53,212.86,519.34
226.28,396.07,251.89,397.84,243.78,515.33,218.17,513.56
227.11,394.57,252.93,397.02,241.8,514.43,215.98,511.98
227.47,394.95,252.09,396.77,243.6,511.47,218.98,509.65
229.06,398.78,253.92,401.27,242.75,512.97,217.89,510.49
229.26,398.17,254.28,400.92,241.98,512.9,216.96,510.16
230.59,395.88,255.58,398.43,244.26,509.58,219.27,507.04
229.71,397.52,253.25,398.76,247.33,510.56,223.79,509.31
233.44,397.45,257.24,399.38,248.3,509.79,224.5,507.86
235.65,400.32,259.6,402.36,250.46,509.3,226.5,507.25
234.28,401.05,258.62,402.51,252.23,508.57,227.88,507.11
239.51,401.69,262.98,404.55,250.39,507.81,226.92,504.95
242.71,403.8,264.67,406.08,253.81,510.81,231.85,508.53
246.07,404.28,267.88,406.47,256.93,515.19,235.12,512.99
251.97,407.43,273.75,409.78,262.42,514.72,240.65,512.37
248.57,410.16,271.23,410.25,270.81,513.44,248.15,513.34
251.57,414.04,273.41,414.22,272.61,513.31,250.77,513.13
251.12,413.59,275.22,413.73,274.61,512.06,250.52,511.91
254.02,418.08,277.63,419.23,273.11,512.59,249.5,511.44
256.36,418.28,281.08,420.66,271.73,517.79,247.01,515.41
255.61,421.33,279.81,422.07,276.78,520.96,252.58,520.22
256.42,422.62,280.84,424.73,272.21,524.56,247.8,522.45
257.32,424.2,281.45,426.46,271.93,527.94,247.8,525.67
263.74,426.76,286.39,430.69,269.02,530.86,246.38,526.94
262.57,427.95,286.27,432.43,267.65,530.86,243.96,526.37
263.9,431.26,287.55,435.77,268.57,535.17,244.92,530.65
264.37,432.95,290.61,439.07,268.02,535.88,241.79,529.75
262.41,434.64,288.54,439.46,269.84,540.74,243.71,535.92
262.53,435.02,287.55,439.57,269.02,541.64,243.99,537.09
260.41,437.61,285.16,440.93,271.44,542.94,246.69,539.61
258.84,439.27,284.09,442.52,270.88,545.15,245.64,541.9
260.92,438.23,286.5,441.99,271.76,542.17,246.18,538.41
261.81,436.7,286.36,440.1,272.58,539.54,248.02,536.14
261.15,433.01,286.44,436.56,272.53,535.78,247.23,532.23
264.38,430.24,288.11,433.45,274.99,530.5,251.27,527.29
259.44,423.16,285.35,426.16,274.12,523.24,248.22,520.25
258.74,417.85,285.92,421.6,273.32,512.86,246.14,509.11
260.89,419.31,285.48,421.27,277.76,518.14,253.17,516.18
260.05,419.06,284.06,420.35,278.68,520.96,254.67,519.68
258.47,417.82,285.36,419.02,280.99,516.72,254.1,515.52
261.85,415.91,288.31,417.79,281.24,517.18,254.78,515.3
264.26,416.32,290.06,418.39,282.01,518.87,256.21,516.81
266.4,417.5,292.5,419.72,284.15,517.8,258.05,515.58
265.12,414.8,292.56,416.83,285.18,516.2,257.74,514.17
264.36,412.63,292,413.93,287.45,510.53,259.8,509.22
267.48,412.63,294.35,414.79,286.57,511.74,259.69,509.59
267.62,413.21,293.95,415.09,287.01,512.32,260.68,510.44
267.91,413.53,293.46,415.42,286.11,514.91,260.55,513.02
269.61,414.28,293.82,415.81,287.54,515.06,263.33,513.53
267.2,417.06,295.65,419.15,288.57,515.41,260.12,513.32
267.18,416.65,294.47,418.73,286.6,522.12,259.31,520.05
263.43,422.03,291.91,422.89,288.88,523.56,260.4,522.71
259.85,427.5,288.29,427.69,287.63,524.23,259.19,524.04
265.75,427.75,293.79,432.69,275.68,535.47,247.64,530.54
261.67,433.83,289.46,438.35,273.23,538.17,245.44,533.65
253.52,438.74,279.39,440.67,271.78,542.55,245.91,540.62
249.32,440.95,276.84,444.83,262.18,548.97,234.67,545.1
243.78,444.49,270.76,447.57,259.11,549.73,232.13,546.66
236.61,449.59,264.15,449.4,264.86,552.58,237.32,552.77
236.36,451.79,263.78,453.57,257.23,554.82,229.8,553.05
233.1,450.94,263.13,453.79,253.38,556.36,223.34,553.5
234.76,452.71,264.65,456.56,251.61,557.92,221.72,554.07
226.97,456.22,256.34,456.4,255.71,558.5,226.34,558.32
232.31,453.11,262.17,457.69,247,556.71,217.13,552.14
228.79,455.68,260.24,458.54,251.32,556.66,219.87,553.8
227.81,454.89,260.47,457.17,253.46,557.55,220.8,555.27
227.53,455.1,258.96,456.44,254.56,559.95,223.13,558.61
227.22,457.91,257.6,457.94,257.48,563.63,227.11,563.6
227.57,456.33,259.32,457.24,256.25,564.2,224.5,563.29
225.06,458.81,256.84,458.94,256.4,564.37,224.62,564.24
224.84,459.7,258.58,460.36,256.54,563.68,222.8,563.01
227.37,459.05,260.64,459.8,258.2,567.86,224.93,567.11
232.28,456.12,266.88,459.94,257.02,549.31,222.41,545.49
233.88,456.49,268.34,460.16,257.65,560.52,223.19,556.85
239.9,458.83,268.51,461.09,260.26,565.52,231.66,563.26
241.2,457.3,268.81,460.2,257.84,564.75,230.24,561.86
245.13,456.86,270.24,459.27,260.25,563.43,235.15,561.02
244.65,460.08,272.28,463.95,258.62,561.72,230.99,557.85
244.76,459.97,270.69,463.17,258.26,563.75,232.33,560.55
245.22,459.45,273.38,463.72,257.75,566.85,229.59,562.58
245.17,458.6,274.25,463.57,255.96,570.55,226.88,565.57
245.25,458.79,274,463.5,256.13,572.64,227.38,567.93
246.11,460.46,274.64,465.68,254.71,574.64,226.18,569.42
241.54,461.06,268.48,461.58,266.39,568.33,239.45,567.81
251.07,460.15,278.47,465.75,256.58,572.91,229.17,567.31
250.63,461.22,278.44,465.21,262.63,575.24,234.82,571.25
255.99,461.44,282.21,466.53,261.2,574.67,234.98,569.58
255.31,461.25,283.64,467.51,259.54,576.58,231.21,570.32
251.66,460.52,280.34,466.44,257.89,575.22,229.22,569.3
244.97,458.33,273.87,464.31,251.79,571.01,222.89,565.03
242.86,456.69,270.58,461.67,251.43,568.07,223.71,563.09
246.05,454.24,275.21,458.38,260.29,563.67,231.13,559.54
252.98,448.45,281.47,451.73,269.25,557.56,240.76,554.27
259.71,443.86,286.73,448.56,268.35,554.24,241.34,549.54
258.31,444.78,284.93,448.39,270.62,553.81,244,550.2
256.95,449.08,284.1,452.9,268.97,560.33,241.82,556.51
258.97,452.41,284.69,455.2,272.76,565.19,247.04,562.41
246.56,458.14,278.92,459.07,275.83,567.26,243.47,566.34
245.66,459.96,278.01,461.08,274.3,568.59,241.94,567.48
246.48,458.36,275.89,459.04,273.38,567.16,243.98,566.48
246.87,451.74,277.31,453.46,270.87,567.23,240.43,565.51
253.8,447.79,281.87,449.39,275.32,563.76,247.25,562.15
257.33,446.49,285.32,448.37,277.78,560.62,249.8,558.74
258.68,444.49,289.14,447.21,279.17,558.6,248.7,555.87
260.76,440.05,291.47,443.38,279.5,553.84,248.79,550.51
264.53,439.49,293.16,442.34,282.65,547.78,254.02,544.93
267.57,436.91,298.17,441.64,282.32,544.14,251.73,539.41
270.03,436.31,300.48,441.15,285,538.63,254.55,533.79
270.54,434.02,301,437.77,288.06,542.9,257.6,539.15
270.23,434.25,301.14,438.47,286.27,547.34,255.36,543.12
271.11,433.68,301.63,438.57,283.69,550.56,253.16,545.67
271.28,431.31,301.57,436.88,280.51,551.23,250.23,545.65
273.4,430.29,302.42,434.81,284.29,551.14,255.27,546.62
277.42,429.78,307.85,436.49,283.08,548.83,252.64,542.12
277.98,431,308.12,437.04,287.24,541.24,257.1,535.2
275.71,431.73,305.37,436.35,287.2,553.07,257.53,548.45
276.32,434.26,307.12,440.99,281.81,556.83,251.01,550.11
273.41,437.83,304.03,443.12,284.12,558.23,253.5,552.94
273.74,440.98,304.49,446.45,284.18,560.71,253.44,555.25
268.93,438.45,302.12,443.92,283.23,558.65,250.05,553.18
266.44,438.65,298.46,443.48,281.28,557.51,249.25,552.68
260.25,438.69,292.21,442.54,278.4,557.26,246.44,553.41
257.3,435.96,287.88,439.75,274.01,551.84,243.43,548.05
252.96,434.69,284.66,438.79,270.41,548.78,238.71,544.68
248.65,433.7,279.82,436.99,268.04,548.46,236.87,545.16
246.86,433.19,276.82,436.21,265.08,552.79,235.12,549.77
243.45,433.07,273.05,434.95,265.58,552.55,235.98,550.67
243.23,433.3,277.22,436.68,265.65,553.18,231.65,549.8
240.33,433.95,271.5,434.29,270.17,557.15,239,556.81
247.03,433.03,279.29,436.93,264.83,556.54,232.57,552.64
250.49,431.14,281.59,435.47,265.15,553.6,234.05,549.28
252.82,431.63,283.54,435.56,268.02,556.91,237.31,552.99
256.9,431.75,288.68,437.07,271.92,537.21,240.15,531.9
258.68,431.19,289.99,436.65,269.71,552.91,238.4,547.45
274.18,552.08,245.75,549.17,257.6,433.68,286.03,436.59
256.64,433.96,288.4,438.35,272.7,551.74,240.94,547.34
254.92,435.2,289,441.05,269.93,552.2,235.85,546.35
254.55,436.36,287.68,441.51,271.06,548.6,237.92,543.46
249.55,438.95,284.19,442.29,273.44,553.96,238.8,550.63
252.02,440.77,284.94,444.61,271.92,556.17,239,552.33
251.74,444.94,283.89,448.44,271.77,559.89,239.62,556.39
253.17,447.47,285.26,452.28,266.97,574.28,234.88,569.47
253.96,450.24,286.52,458.07,257.78,577.64,225.22,569.82
257.05,576.93,226.31,569.33,254.57,455.07,285.31,462.67
255.75,458.02,287.05,466.14,257.63,579.5,226.34,571.38
254.66,459.13,288.12,467.49,258.33,586.73,224.87,578.37
254.71,460.19,288.94,468.92,258.23,589.42,223.99,580.69
263.29,580.99,227.21,572.88,252.25,461.46,288.33,469.57
249.43,461.61,284.21,467.23,265.32,584.2,230.54,578.58
250.35,462.37,286.25,468.7,266.27,581.93,230.36,575.59
252.83,461.34,287.23,466.73,270.52,573.26,236.13,567.87
273.09,582.25,239.86,577.95,254.81,462.35,288.03,466.64
255.73,462.91,290.13,468.59,270.75,585.95,236.35,580.27
254.79,464.5,287.55,469.12,271.48,582.93,238.72,578.31
253.79,465.82,287.46,470.84,269.86,588.91,236.2,583.89
254.26,469.85,288.57,475,270.58,594.73,236.27,589.57
253.02,471.41,288.4,476.49,269.95,605.16,234.57,600.08
250.82,476.86,284.74,478.87,277.06,608.39,243.15,606.38
252.06,480.82,285.74,484.46,272.13,610.25,238.45,606.6
250.27,482.86,285.05,486.72,270.85,614.4,236.08,610.54
252.31,485.6,289.19,490.88,273.06,603.45,236.18,598.16
252.91,488.2,286.86,492.28,271.43,620.72,237.48,616.64
253.97,489.98,287.9,494.43,271.23,621.64,237.29,617.19
255.41,493.54,289.84,498.57,271.99,620.81,237.55,615.78
255.21,494.14,291.33,500.18,270.8,622.81,234.68,616.77
256.94,494.11,293.7,502.03,268.11,620.89,231.35,612.98
269.06,621.99,230.95,613.73,256.02,498.03,294.14,506.29
255.13,497.95,291.86,505.73,267.67,620.05,230.94,612.28
253.92,496.54,289.61,503.77,265.94,620.57,230.26,613.35
248.86,496.7,283.57,502.88,261.24,628.37,226.53,622.19
249.9,495.74,284.24,504.8,253.42,621.62,219.08,612.56
246.71,630.02,213.67,620.76,249.51,492.92,282.56,502.19
248.88,490.21,282.96,500.09,245.85,628.16,211.76,618.28
249.22,488.55,282.59,497.73,247.09,626.73,213.73,617.55
248.3,486.17,283.03,494.24,252.61,625.11,217.87,617.03
251.99,484.39,287.46,493.28,254.26,625.78,218.78,616.89
250.05,485,285.54,491.6,260.67,625.21,225.18,618.6
252.77,487.24,288.5,495.23,260.07,622.26,224.35,614.27
252.05,487.66,287.88,493.95,265.39,621.91,229.56,615.62
251.44,491.31,286.97,496.6,268.2,622.65,232.67,617.36
247.7,492.5,284.8,497.19,269.01,622.2,231.91,617.51
247.93,493.18,286.43,498.99,268.31,619.16,229.81,613.35
249.6,494.11,285.65,499.55,267.49,620.08,231.44,614.65
248.23,496.6,286.92,502.91,267.89,619.5,229.2,613.19
249.03,498.44,289.09,506.12,266.37,624.72,226.31,617.05
247.67,500.94,284.94,505.38,269.72,633.04,232.45,628.6
248.69,501.64,284.79,506.01,268.85,637.64,232.75,633.26
248.48,502.11,285.21,506.28,270.21,638.64,233.48,634.48
249.54,505.58,286.72,510.07,271.18,638.63,234,634.13
249.69,509.45,285.34,513.77,270.28,638.2,234.63,633.89
249.62,514.19,286.58,519.42,269.78,638.29,232.82,633.06
248.72,515.28,286.48,519.6,272.82,639.01,235.06,634.69
248.66,516.28,286.45,520.96,271.8,639.26,234.02,634.58
249.72,514.18,290.26,521.03,270.79,636.12,230.25,629.27
250.99,515.24,290.4,521.31,272.16,639.82,232.74,633.75
250.67,514.16,289.92,520.75,271.2,632.37,231.95,625.78
252.46,513.7,289.14,519.24,272.4,630.04,235.72,624.5
251.34,513.1,289.2,518.94,271.92,630.97,234.06,625.13
250.3,515.25,287.51,519.56,274.41,632.52,237.2,628.2
254.25,510.96,291.42,517.95,268.46,640.11,231.28,633.12
256.39,507.91,292.87,515.28,267.56,640.61,231.08,633.24
258.77,509.24,294.88,518.5,263.51,640.78,227.41,631.52
256.88,510.14,292.91,517.54,267.27,642.25,231.24,634.85
254.64,510.22,289.37,516.03,268.32,641.91,233.59,636.1
257.93,509.85,293.78,519.06,262.54,640.61,226.68,631.39
260.96,507.9,297.06,518.56,261.06,640.46,224.96,629.8
256.51,504.9,294.9,513.56,266,641.61,227.61,632.95
256.31,501.47,294.04,509.04,267.44,641.7,229.71,634.13
254.86,497.62,295.2,506.21,267.84,634.73,227.5,626.15
256.94,493.84,298.86,503.62,269.86,627.86,227.94,618.07
254.45,491.1,294.61,498.56,271.18,624.77,231.02,617.32
253.88,483.91,295.9,493.21,268.16,618.51,226.14,609.2
253.21,481.62,293.07,488.5,271.79,611.9,231.93,605.03
253.59,478.5,292.79,485.61,270.63,607.81,231.43,600.7
251.7,477.15,292.1,484.15,270.03,611.55,229.63,604.55
251.92,475.78,291.46,480.85,273.87,618.13,234.33,613.07
254.29,474.77,294.67,479.59,277.92,620.04,237.54,615.23
257.13,474.17,298.3,479.26,281.38,616.2,240.2,611.11
260.26,472.89,300.17,477.28,284.66,618.03,244.76,613.64
263.99,474.58,305.41,480.72,284.38,622.68,242.96,616.54
267.07,476.33,308.69,482.89,286.29,625.07,244.66,618.51
268.19,477.29,309.87,483.78,288.09,623.75,246.41,617.26
270.1,477.89,311.16,483.7,291.48,622.65,250.43,616.84
273.01,477.52,314.61,484.74,291.18,619.7,249.59,612.48
271.51,480.33,311.84,486.77,291.43,614.5,251.1,608.05
271.99,478.59,310.92,482.79,296.7,614.52,257.78,610.32
272.4,476.71,313.58,481.44,298.96,608.73,257.78,604
273.63,476.96,316.39,482.84,299.48,605.8,256.72,599.92
276.39,479.15,318.66,485.63,299.48,610.76,257.22,604.28
273.4,480.96,314.81,484.42,303.63,618.24,262.21,614.78
277.47,481.75,321.87,490.09,299.12,611.22,254.73,602.88
277.39,482.14,323.06,492.39,294.25,620.74,248.58,610.49
295.33,615.55,251.03,606.05,276.78,485.96,321.09,495.46
277.68,488.43,321.77,497.95,296.11,616.8,252.02,607.28
276.78,491.4,321.64,501.41,296.14,615.68,251.27,605.67
276.15,492.13,321.31,502.47,296.02,612.92,250.86,602.58
276.96,491.86,322.96,504.66,293.71,609.77,247.71,596.97
272.48,492.62,318.76,501.22,298.72,609.12,252.44,600.53
272.27,492.97,318.97,504.73,294.75,600.93,248.06,589.18
274.94,490.73,320.11,505.19,289.26,601.54,244.1,587.08
279,489.49,322.51,508.7,285.01,593.67,241.49,574.47
277.6,486.56,322.38,505.57,287.46,587.85,242.68,568.84
282.94,583.82,240.71,561.58,280.79,485.49,323.02,507.73
286.89,485.37,324.87,513.8,276.13,578.93,238.15,550.5
277.91,575.01,239.93,546.67,286,484.93,323.98,513.27
323.38,525.95,271.19,567.32,238.6,526.21,290.79,484.84
291.7,486.6,325.42,519.27,277.09,569.17,243.37,536.5
272.19,569,242.18,539.99,289.22,491.34,319.23,520.36
286.89,493.46,315.97,527.12,263.45,572.47,234.38,538.81
310.12,528.28,258.85,573.12,235.62,546.55,286.88,501.72
282.59,502.65,309.02,525.31,262.01,580.15,235.58,557.49
