62.24,55.967,138.02,55.977,137.99,334.93,62.205,334.92
64.788,56.673,140.88,56.792,140.46,331.18,64.359,331.06
68.023,59.765,142.7,60.322,140.69,330.41,66.009,329.85
70.053,57.381,145.5,57.588,144.75,327.89,69.31,327.69
72.598,57.271,148.73,57.38,148.34,331.29,72.204,331.18
74.25,59.013,150.11,59.053,149.97,326.5,74.107,326.46
78.108,57.351,153.86,57.519,153.27,325.13,77.516,324.96
80.013,60.499,156.38,60.649,155.86,326.9,79.49,326.75
82.468,60.479,158.08,60.509,157.97,325.97,82.36,325.94
85.521,59.087,161.07,59.114,160.98,329.13,85.427,329.11
88.42,64.945,163.82,64.637,164.89,325.68,89.487,325.99
92.484,60.331,165.55,60.362,165.44,321.46,92.374,321.43
97.163,61.653,168.65,61.905,167.72,327.2,96.229,326.95
101.2,61.724,171.66,62.026,170.54,322.7,100.08,322.4
100.92,62.109,172.5,61.343,175.3,323.91,103.73,324.67
105.42,65.653,174.83,65.138,176.66,312.38,107.25,312.89
107.07,64.452,178.65,64.49,178.51,326.55,106.93,326.52
111.74,64.136,180.15,64.041,180.51,323.19,112.1,323.29
114.86,64.992,184,64.85,184.54,327.96,115.4,328.1
114.6,67.052,185.92,68.738,180.04,317.48,108.72,315.79
116.31,68.001,189.38,69.96,182.79,315.6,109.73,313.64
117.87,73.101,189.98,74.611,184.83,320.4,112.72,318.89
120.71,67.858,191,68.625,188.25,320.97,117.96,320.2
124.47,69.956,196.56,72.121,189.1,320.53,117.01,318.37
122.94,68.261,194.98,69.246,191.56,318.76,119.53,317.77
126.22,68.318,197.9,68.658,196.72,316.68,125.04,316.34
129.34,72.035,200.1,73.163,196.18,318.67,125.42,317.54
135,71.356,204.19,73.841,195.38,319.19,126.19,316.71
133.83,71.428,203.71,72.348,200.47,318.58,130.59,317.66
135.65,72.436,205.61,73.33,202.64,305.44,132.68,304.55
137.21,72.703,206.89,72.971,205.96,315.05,136.28,314.78
141.25,70.043,208.57,70.625,206.66,290.9,139.34,290.32
140.57,73.027,209.96,72.929,210.27,290.19,140.88,290.29
148.5,70.629,217.02,72.846,209.57,303.12,141.04,300.91
147.26,72.454,215.33,72.58,214.9,301.84,146.83,301.71
149.17,72.774,217.54,73.309,215.69,309.11,147.32,308.58
151.67,70.645,219.65,71.327,217.25,309.89,149.28,309.21
155.04,73.75,220.63,74.009,219.69,312.41,154.1,312.15
155.14,73.166,222.15,73.03,222.63,308.15,155.62,308.29
159.18,72.084,226.35,72.572,224.62,311.18,157.45,310.69
163.13,71.78,228.89,73.023,224.46,307.39,158.7,306.15
163.34,76.583,230.09,76.372,230.82,308.6,164.08,308.81
164.95,75.786,232.55,75.993,231.84,306.8,164.24,306.6
171.5,77.323,235.76,78.055,233.25,297.72,169,296.98
180.5,75.03,242.16,78.765,228.05,311.76,166.38,308.02
183.4,73.462,246.44,78.245,228.66,312.58,165.62,307.8
183.38,75.295,246.22,78.985,232.9,305.77,170.06,302.08
184.6,75.122,247.77,78.706,234.61,310.69,171.44,307.11
187.69,76.598,247.96,78.863,239.34,308.47,179.06,306.21
186.02,77.107,246.42,77.14,246.29,309.87,185.89,309.84
188.66,78.422,251.89,79.446,248.22,306.38,184.99,305.36
189.65,77.037,253,77.915,249.89,301.93,186.54,301.06
192.39,75.81,256.57,77.621,250.28,300.34,186.11,298.52
191.59,76.92,255.45,77.092,254.85,299.58,190.99,299.41
192.02,75.077,255.26,74.306,258.02,299.98,194.78,300.75
192.16,77.985,255.72,76.914,259.45,298.14,195.89,299.21
195.25,78.601,257.15,77.153,262.22,293.87,200.32,295.32
202.83,78.058,262.87,78.257,262.14,298.46,202.1,298.26
204.4,75.728,265.73,76.01,264.72,295.77,203.39,295.49
206.14,77.668,265.92,77.975,264.79,298.42,205.01,298.11
206.38,79.458,269.71,80.343,266.68,297.64,203.35,296.76
206.21,78.525,266.32,78.222,267.41,294.98,207.31,295.29
207.39,80.248,267.86,79.679,269.92,298.94,209.45,299.51
209.88,81.76,270.16,81.308,271.79,298.76,211.51,299.21
212.35,77.49,270.47,77.655,269.82,304.34,211.7,304.18
213.08,79.123,271.51,78.792,272.75,298.66,214.32,299
217.06,79.309,275.7,80.44,271.44,301,212.81,299.87
219.68,80.657,277.19,82.879,268.85,298.82,211.33,296.6
221.41,81.252,278.47,84.418,266.55,299.33,209.49,296.17
226.98,78.831,285.07,84.514,266.93,269.97,208.83,264.28
225.99,79.602,279.15,82.069,269.43,291.55,216.28,289.08
225.32,78.399,281.85,80.527,273.8,294.29,217.27,292.17
227.67,78.73,284.42,81.883,272.39,298.38,215.64,295.23
230.36,82.016,284,83.837,276.91,292.74,223.26,290.92
231.61,81.328,283.03,82.668,277.57,292.42,226.15,291.08
232.17,83.094,287.99,83.829,285.31,287.36,229.48,286.62
231.74,82.919,288.29,83.043,287.85,287.47,231.29,287.35
232.08,79.453,288.77,79.137,289.95,291.76,233.27,292.07
234.9,80.478,292.07,80.893,290.55,290.23,233.38,289.82
236.07,80.006,291.95,79.978,292.05,292.95,236.18,292.98
238.61,81.988,293.86,82.293,292.72,289.35,237.47,289.05
238.07,81.832,294.61,81.625,295.36,286.74,238.82,286.94
239.06,80.656,294.71,79.995,297.15,286.15,241.51,286.81
239.73,80.525,293.97,80.504,294.05,288.98,239.81,289
241.51,83.53,295.91,83.81,294.87,286.4,240.47,286.12
241.21,84.948,296.94,84.861,297.25,284.67,241.52,284.76
247.13,85.683,299.24,86.241,297.15,281.2,245.04,280.65
245.2,85.216,297.89,85.03,298.58,279.97,245.89,280.16
249.42,85.425,301.75,86.075,299.33,281.18,247,280.53
251.27,85.077,302.82,85.402,301.62,276.71,250.07,276.38
248.5,85.751,300.87,85.133,303.15,278.48,250.78,279.1
249.31,83.442,305.01,83.447,305,273.65,249.3,273.65
250.28,81.397,306.14,81.462,305.91,276.3,250.05,276.23
252.69,83.16,307.13,83.147,307.18,278.48,252.74,278.49
253.9,85.042,309.08,85.074,308.97,278.8,253.79,278.77
255.82,82.339,310.68,82.539,309.97,277.8,255.11,277.61
253.76,84.314,306.68,83.192,310.72,273.52,257.8,274.64
256.37,88.849,310.62,88.627,311.4,278.82,257.15,279.04
259.34,87.007,313.19,86.559,314.77,276.59,260.92,277.04
261.49,86.259,316.25,86.285,316.16,278.27,261.4,278.24
262.38,85.814,316.43,86.152,315.22,279.6,261.17,279.26
263.27,88.857,317.84,89.137,316.89,273.48,262.32,273.2
263.17,91.174,316.65,90.449,318.79,247.91,265.31,248.64
266.04,86.146,318.09,86.178,317.98,274.18,265.92,274.15
266.52,86.244,319.24,85.448,322.07,272.9,269.35,273.7
268.08,92.246,321.92,92.149,322.24,273.1,268.41,273.2
269.58,86.821,320.99,86.336,322.72,269.9,271.31,270.39
270.49,88.331,323.07,88.359,322.97,271.7,270.4,271.68
270.47,86.434,322.79,86.715,321.8,270.8,269.48,270.52
271.65,88.591,322.01,88.98,320.58,272.83,270.23,272.45
271.47,87.132,321.57,87.358,320.74,269.76,270.64,269.53
272.37,88.161,322.57,88.2,322.43,269.65,272.23,269.61
274.2,89.334,323.3,89.55,322.51,269.23,273.41,269.01
274.69,86.89,324.97,87.774,321.77,269.96,271.49,269.08
270.05,90.304,323.23,89.533,325.83,269.38,272.65,270.15
275.34,86.736,326.84,88.551,320.52,267.62,269.03,265.81
273.33,91.231,325.47,92.405,321.7,259.88,269.56,258.71
272.01,89.021,323.54,88.66,324.8,267.33,273.26,267.69
275.61,91.269,322.58,91.474,321.82,266.9,274.84,266.69
274.96,86.312,324.1,86.403,323.77,263.84,274.63,263.75
275.05,90.702,323.97,90.785,323.68,264.07,274.76,263.98
277.04,89.322,324.99,89.313,325.03,263.76,277.07,263.77
278.19,88.638,326.26,88.905,325.3,262.4,277.22,262.14
277.89,86.901,328.84,87.24,327.67,264.01,276.71,263.67
279.21,90.429,328.36,89.564,331.41,262.97,282.26,263.84
280.23,90.524,327.42,90.228,328.48,259.3,281.29,259.6
279.31,88.752,327.87,88.541,328.63,263.19,280.07,263.4
278.32,90.316,328.18,90.28,328.3,260.47,278.44,260.51
280.12,88.061,326.64,87.881,327.31,261.49,280.79,261.67
277.54,91.139,322.6,89.084,330.45,261.2,285.39,263.25
281.47,86.696,328.11,86.789,327.77,258.63,281.12,258.53
279.25,89.015,328.38,89.064,328.21,257.36,279.08,257.31
280.3,88.468,328.52,88.213,329.41,256.09,281.19,256.34
282.89,88.106,330.98,89.623,325.7,256.75,277.62,255.24
281.6,92.295,328.88,92.144,329.39,252.25,282.11,252.4
282.23,88.225,328.52,87.508,331.12,254.88,284.83,255.6
277.27,93.358,325.61,90.476,335.08,249.35,286.75,252.23
279.34,92.765,326.17,90.184,335,250.37,288.17,252.95
283.25,91.398,328.54,90.713,330.97,251.73,285.69,252.41
287.7,94.508,331.26,94.106,332.71,250.79,289.15,251.19
283.75,92.693,327.57,89.95,337.59,250.04,293.77,252.79
287.71,91.733,330.91,90.687,334.74,248.47,291.53,249.52
284.49,94.555,328.8,91.085,341.36,251.43,297.04,254.9
285.81,91.202,331.37,88.393,341.38,250.72,295.81,253.53
286.25,93.781,331.78,90.682,342.6,249.77,297.08,252.86
287.22,92.184,333.38,88.985,344.48,249.14,298.31,252.34
289.98,96.034,336.8,93.825,344.3,252.73,297.47,254.94
293.44,93.98,337.8,92.22,344.27,255.44,299.92,257.2
296.78,95.597,340.92,95.507,341.24,256.94,297.11,257.03
295.63,95.71,341.57,94.359,346.31,255.59,300.36,256.94
297.76,95.518,345.25,95.621,344.9,255.64,297.41,255.54
297.6,96.279,344.94,95.704,346.92,258.32,299.58,258.9
300.15,94.168,346.31,93.555,348.52,260.11,302.36,260.72
300.19,98.166,346.67,97.786,347.98,257.3,301.49,257.68
302.16,92.169,347.31,91.797,348.68,257.23,303.52,257.6
305.32,93.11,349.68,94.153,345.85,257.19,301.49,256.15
308.55,93.695,352.88,95.94,344.68,258.06,300.34,255.81
304.99,98.723,352.06,99.629,349.07,255.19,302,254.28
305.13,97.228,353.45,97.858,351.47,249.92,303.15,249.29
304.11,99.801,354.31,100.1,353.39,253,303.18,252.69
304.77,96.23,354.24,96.336,353.9,255.52,304.43,255.41
308.32,98.134,351.52,98.777,349.2,254.9,306,254.26
306.38,98.819,352.75,99.142,351.74,244.54,305.37,244.22
308.53,98.239,354.76,99.486,350.81,245.73,304.58,244.48
307.37,96.449,354.66,97.15,352.44,246.65,305.16,245.95
308.89,96.313,356.08,96.798,354.59,242.16,307.4,241.67
311.15,95.249,353.8,95.832,351.76,245.12,309.11,244.54
311.46,98.229,355.71,99.159,352.57,248.48,308.32,247.55
311.27,95.891,354.57,96.526,352.42,243.49,309.12,242.86
312.96,96.082,356.79,97.576,351.89,241.36,308.06,239.86
313.79,96.37,354.47,96.786,352.92,248.63,312.24,248.22
312.72,97.325,357.05,98.241,353.99,246.26,309.67,245.34
314.68,99.047,358.2,100.52,353.39,242.18,309.87,240.71
313.08,95.614,355.84,95.285,356.96,240.89,314.21,241.22
313.8,96.841,357.94,97.243,356.63,240.39,312.5,239.98
314.31,96.429,358.41,96.632,357.75,239.95,313.65,239.75
314.85,96.205,359.99,96.613,358.7,238.61,313.56,238.2
315.62,95.524,358.49,95.622,358.16,239.02,315.29,238.93
317.14,95.634,360.9,95.874,360.11,237.86,316.36,237.61
313.23,97.635,357.47,95.756,363.41,235.7,319.17,237.58
316.19,98.092,357.99,97.871,358.72,236.01,316.92,236.24
319.27,95.708,359.6,95.835,359.14,240.91,318.81,240.78
319.44,97.185,361.89,98.014,359.18,236.67,316.73,235.84
319.53,97.605,360.63,97.859,359.88,218.49,318.79,218.23
319.89,97.073,361.28,96.659,362.68,236.5,321.29,236.91
323.12,96.882,365.3,98.705,359.3,237.58,317.12,235.76
321.21,97.459,360.36,96.642,362.88,217.8,323.74,218.62
323.43,97.563,363.7,97.388,364.29,232.56,324.02,232.74
324.2,101.07,364.42,101.25,363.82,234.52,323.6,234.33
325.13,99.928,365.67,100.56,363.51,238.94,322.97,238.31
329.53,98.452,367.92,100.65,360.58,228.75,322.19,226.55
326.18,99.479,365.63,99.269,366.37,237.49,326.92,237.7
327.59,98.28,365.7,98.56,364.69,235.26,326.58,234.98
325.19,99.698,363.71,99.017,365.9,222.53,327.37,223.21
326.6,99.069,365.78,98.93,366.26,236.66,327.08,236.8
329.38,99.797,365.72,99.177,367.96,230.06,331.62,230.68
328.92,101.25,366.55,101.04,367.26,227.68,329.62,227.89
327.86,101.52,367.51,101.24,368.36,222.81,328.71,223.09
328.67,99.586,367.99,99.578,368.01,216.84,328.69,216.84
329.74,100.93,368.64,100.54,369.95,231.73,331.05,232.12
331.89,103.9,370.21,104.45,368.44,226.01,330.11,225.45
332.07,102.55,368.93,102.51,369.06,232.32,332.2,232.35
332.41,103.12,368.17,103.18,367.97,230.12,332.21,230.06
334.72,100.75,370.99,101.53,368.25,228.22,331.98,227.43
332.5,105.01,371.11,105.06,370.96,225.28,332.35,225.23
332.97,103.34,371.35,103.33,371.39,234.91,333.01,234.92
334.56,101.98,372.21,101.85,372.71,236.71,335.06,236.85
336.01,103.01,372.36,103.15,371.85,233.42,335.5,233.27
334.66,104.73,369.74,104.6,370.22,232.11,335.14,232.24
333.47,105.83,369.84,105.25,371.84,230.2,335.48,230.78
336.11,101.81,372.39,102.33,370.5,235.46,334.22,234.95
334.68,101.85,373,102.26,371.59,233.93,333.27,233.52
334.03,105.3,370.8,104.61,373.1,228.01,336.33,228.7
334.78,102.82,372.49,103.02,371.76,234.77,334.06,234.57
337.15,103.2,371.89,103.36,371.29,231.86,336.56,231.7
338.11,103.56,370.83,104.26,368.26,223.6,335.54,222.89
337.4,102.86,373.11,102.37,374.85,227.74,339.15,228.23
338.95,102.1,374.22,102.54,372.63,227.6,337.37,227.15
340.49,102.71,375.63,103.45,373.08,225.78,337.94,225.04
338.99,102.89,373.86,102.33,375.85,225.74,340.99,226.3
339.52,102.56,374.88,102.39,375.43,223.37,340.07,223.54
338.91,102.52,375.45,102.22,376.46,224.5,339.92,224.8
340.41,107.2,375.59,107.42,374.9,220.16,339.71,219.95
340.86,103.31,375.55,103.53,374.8,222.91,340.11,222.69
338.63,105.83,374.14,104.79,377.55,220.83,342.04,221.87
339.82,105.34,373.76,104.7,376.07,226.14,342.13,226.78
339.02,107.36,371.75,106.06,376.17,217.28,343.44,218.58
340.71,106.22,374.94,105.69,376.68,217.46,342.46,217.99
342.34,105.01,377.9,104.96,378.08,218.66,342.51,218.72
345.42,106.85,378.29,107.15,377.23,223.05,344.37,222.76
343.37,106.14,378.1,106.04,378.43,223.7,343.69,223.8
345.24,104.8,377.6,105.4,375.51,218.89,343.15,218.3
345.32,108.38,378.64,109.11,376.23,218.16,342.9,217.42
342.85,106.39,376.16,105.97,377.61,219.22,344.29,219.65
343.18,104.63,377.48,104.35,378.41,215.67,344.11,215.96
344.04,106.2,374.59,106.2,374.57,218.57,344.02,218.57
344.18,105.13,376.89,105.24,376.5,222.89,343.79,222.78
342.82,105.82,376.57,105.58,377.4,222.12,343.65,222.36
344.26,104.58,377.31,104.73,376.78,216.14,343.74,215.99
343.09,107.74,377.46,107.58,377.96,212.1,343.59,212.26
343.27,105.52,377.18,105.06,378.69,217.31,344.79,217.77
346.06,106.44,378.45,106.99,376.63,214.27,344.24,213.73
342.09,108.09,374.34,107.72,375.58,214.11,343.33,214.49
341.81,106.57,374.18,106.14,375.64,214.19,343.27,214.63
341.81,109.85,373.6,109.07,376.15,212.46,344.37,213.24
343.87,111.19,375.06,111.62,373.69,211.94,342.5,211.52
342.06,108.58,372.53,107.91,374.85,212.2,344.38,212.88
345.41,108.22,375.46,109.34,371.49,215.95,341.44,214.83
343.22,108.13,375.99,108.54,374.71,211.56,341.94,211.15
342.77,109.63,373.43,109.8,372.85,213.41,342.2,213.24
343.85,112.5,373.69,112.56,373.47,213.16,343.63,213.09
343.5,111.8,373.85,111.93,373.43,215.39,343.07,215.27
343.21,111.09,373.49,111.27,372.88,213.29,342.61,213.11
344.48,111.45,373.87,111.83,372.59,212.82,343.2,212.45
341.11,111.49,371.37,110.52,374.55,209.77,344.29,210.74
342.97,110.05,371.75,109.39,374.17,214.7,345.38,215.36
345.42,111.11,374.69,110.95,375.26,215.9,346,216.06
344.87,112.99,375.68,112.82,376.24,210.04,345.42,210.21
343.83,111.45,371.54,111.1,372.82,214.72,345.11,215.06
343.52,111.77,375.28,111.35,376.58,210.29,344.83,210.7
343.8,112.32,376.47,112.03,377.35,209.77,344.67,210.06
344.31,112.72,372.8,112.11,374.99,213.53,346.5,214.14
344.6,112.75,374.72,112.61,375.19,211.75,345.06,211.89
344.22,111.17,375.27,110.84,376.36,212.76,345.31,213.09
344.47,113.11,373.02,113.12,372.99,210.68,344.45,210.67
345.42,116.59,372.99,116.58,373.01,207.24,345.45,207.25
345.52,113.87,374.94,113.83,375.05,209.22,345.63,209.26
346.2,114.49,374.23,114.58,373.9,210.24,345.87,210.15
345.26,116.22,371.76,115.56,374.08,208.82,347.58,209.48
346.27,112.84,373.53,113.03,372.85,208.34,345.59,208.15
346.81,114.65,372.99,114.64,373,206.05,346.82,206.06
346.21,114.2,371.58,114.39,370.87,209.48,345.49,209.29
345.33,115.41,374.85,115.33,375.11,208.68,345.6,208.76
345.06,115.15,373.73,114.99,374.25,209.73,345.58,209.89
346.14,115.3,371.83,115.21,372.15,206.41,346.46,206.5
346.71,113.64,372.8,113.54,373.17,208.8,347.08,208.9
346.51,113.92,371.85,113.75,372.5,209.15,347.16,209.32
346.98,112.57,376,112.98,374.62,210.92,345.61,210.51
346.95,112.49,375.94,112.87,374.68,208.8,345.69,208.42
346.84,114.29,372.9,114.23,373.11,209.58,347.05,209.63
348.04,114.75,374.81,115.02,373.85,208.9,347.08,208.62
346.52,118.09,374.65,117.87,375.32,205.97,347.18,206.18
346.43,115.03,373.95,115,374.04,207.31,346.52,207.33
347.62,114.61,372.82,114.52,373.13,209.44,347.93,209.52
347.79,115.27,373.95,115.22,374.1,204.2,347.95,204.25
347.41,115.22,374.16,114.76,375.71,204.7,348.96,205.16
347.93,114.69,375.93,115.07,374.68,205.88,346.67,205.49
347.91,114.68,375.94,115.07,374.69,204.88,346.67,204.49
348.52,115.34,375.74,115.67,374.7,203.05,347.47,202.72
347.94,113.62,376.97,114.03,375.67,204.97,346.64,204.56
348,115,376,115,376,208,348,208
350.37,114.61,377.18,115.61,373.92,203.39,347.12,202.4
348.52,115.87,376.18,115.95,375.92,203.73,348.26,203.65
348.32,115.99,375.95,115.44,377.67,202.56,350.04,203.1
348.81,115.88,376.32,116.01,375.9,203.74,348.39,203.6
349.08,115.24,375.97,115.19,376.16,206.45,349.27,206.5
351.18,114.56,377.68,115.2,375.49,204.86,348.99,204.22
348.4,116.32,374.6,115.62,376.87,200.8,350.66,201.5
348.82,114.8,376.84,115.16,375.71,203.86,347.69,203.51
348.85,115.76,376.81,116.11,375.7,204.8,347.74,204.45
345.46,117.65,372.68,115.98,377.89,200.71,350.68,202.39
349.57,116.62,374.99,116.6,375.03,202.54,349.62,202.55
349.1,116.72,375.18,116.27,376.59,198.83,350.52,199.27
349.85,115.6,375.64,115.41,376.3,201.99,350.51,202.19
349.42,118.16,374.83,117.47,377.16,202.99,351.74,203.68
349.96,116.47,377.85,116.84,376.69,204.74,348.8,204.37
351.39,116.52,376.85,116.85,375.73,203.66,350.27,203.33
349.91,115.76,377.93,116.16,376.65,204.16,348.63,203.76
351.28,118.89,377.6,119.59,375.4,201.71,349.08,201.01
349.88,116.79,376.57,117.02,375.83,200.47,349.14,200.23
351,117.15,375.45,117.29,374.96,198.2,350.51,198.05
350.93,119.24,376.19,119.73,374.59,201.98,349.34,201.49
352.08,116.99,376.18,117.47,374.52,201.67,350.42,201.2
351.4,116.98,376.73,117.7,374.45,198.77,349.13,198.06
351.1,116.04,377.19,116.66,375.26,198.76,349.17,198.15
348.43,119.03,374.16,118.02,377.29,197.92,351.56,198.93
348.91,118.46,375.06,117.93,376.69,198.35,350.54,198.88
349.51,117.98,374.91,117.87,375.26,198.12,349.86,198.23
350.31,115.49,378.1,116.46,375.22,199.32,347.44,198.35
349.02,116.22,374.34,115.86,375.5,196.27,350.18,196.63
347.73,116.88,373.44,116.09,375.92,196.88,350.22,197.67
349.46,117.73,375.98,118.16,374.7,197.92,348.18,197.5
351.24,118.24,376.59,118.96,374.38,195.89,349.03,195.17
349.5,118.82,375.62,119.12,374.71,196.25,348.59,195.94
348.35,117.24,375.21,117.24,375.19,198.11,348.33,198.1
347.62,118.39,373.29,117.97,374.57,196.11,348.9,196.53
353.34,116.75,377.92,118.62,371.89,197.64,347.31,195.76
347.49,118.81,373.92,118.68,374.32,198.49,347.88,198.62
348.17,119.28,373.82,119.17,374.15,199.37,348.5,199.48
349.36,117.22,375.54,117.83,373.65,199.11,347.47,198.5
347.69,117.45,372.63,117.25,373.3,198.59,348.36,198.8
348.37,117.32,373.42,117.99,371.31,197.25,346.26,196.58
346.45,120.17,371.01,119.53,372.97,195.33,348.41,195.96
348.26,117.94,372.59,117.72,373.3,195.31,348.97,195.53
348.22,120.42,374.19,121.02,372.47,196.3,346.5,195.71
348.21,120.35,374.53,121.14,372.27,196.52,345.95,195.73
348.21,122.23,372.4,122.41,371.86,197.99,347.66,197.81
351,119.36,374.76,120.94,369.71,197.31,345.94,195.74
347.6,121.21,370.76,121.07,371.23,196.19,348.08,196.34
347.44,120.82,373.5,121.07,372.76,196.6,346.69,196.34
347.8,120.01,372.53,120.24,371.87,192.79,347.15,192.57
347.7,121.48,372.42,121.67,371.85,196.19,347.12,196
347.49,119.55,370.65,119.35,371.32,197.33,348.16,197.53
346.13,122.17,371.21,121.3,373.69,192.82,348.6,193.69
348.71,121.2,371.08,121.23,370.97,195.43,348.6,195.39
347.29,121.07,371.82,120.97,372.13,194.75,347.6,194.86
348.34,119.98,372.64,119.78,373.27,195.38,348.98,195.58
348.4,121.82,372.89,121.75,373.09,195.44,348.61,195.51
347.51,120.85,371.84,120.26,373.63,194.14,349.3,194.73
348.71,123.05,370.4,122.2,373.2,193.77,351.51,194.61
348.94,123.07,372.93,123.03,373.06,193.78,349.06,193.82
