296.56,73.743,355.92,73.521,356.77,301.33,297.41,301.55
291.3,71.574,352.34,72.096,350.39,300.26,289.35,299.74
292.25,71.553,352.32,72.113,350.17,302.76,290.1,302.2
290.82,70.141,350.03,71.737,343.87,300.3,284.66,298.7
287.14,71.435,346.29,73.292,339.22,298.56,280.07,296.7
283.31,73.385,344.69,74.222,341.6,300.5,280.22,299.66
279.79,74.204,342.93,75.308,339.05,297.23,275.91,296.12
275.62,74.442,338.62,75.502,334.83,301.2,271.82,300.14
281.18,73.412,339.93,76.244,329.22,298.53,270.46,295.7
278.17,74.469,337.88,77.42,326.9,299.5,267.19,296.55
270.19,77.01,333.18,79.007,326.15,300.66,263.16,298.67
279.19,77.081,335.01,80.622,321.07,300.32,265.25,296.78
280.13,78.382,334.75,82.397,318.66,301.26,264.04,297.25
267.97,83.699,332.23,86.252,323.67,301.63,259.42,299.08
271.09,84.955,331.99,87.485,323.09,301.75,262.19,299.22
264.1,89.101,330.78,90.571,326.14,301.27,259.46,299.8
272.67,92.426,330.74,97.966,313.79,275.69,255.72,270.16
257.6,97.517,328.72,98.93,324.79,296.42,253.68,295.01
259.77,98.431,333.11,102.56,322.02,299.51,248.67,295.38
261.7,98.218,337.02,105.62,317.87,300.51,242.55,293.11
267.82,96.892,339.2,109.3,307.1,293.87,235.73,281.46
265.47,97.417,338.74,109.64,306.81,300.94,233.55,288.71
272.92,93.566,343.15,109.24,299.78,303.6,229.55,287.92
281.73,88.858,349.88,109.28,290.34,307.97,222.19,287.55
284.39,88.07,355.5,111.07,293.11,304,221.99,281
289.18,89.155,356.69,113.21,289.88,300.67,222.38,276.62
297.87,80.941,359.81,104.77,284.25,301.21,222.31,277.39
293.67,83.546,356.53,106.69,285.52,299.53,222.66,276.38
300.9,82.858,359.86,106.52,283.28,297.32,224.33,273.66
318.66,76.334,370.45,101.23,273.92,301.98,222.13,277.08
319.28,70.695,372.57,96.03,275.49,300.21,222.2,274.88
322.79,70.959,374.42,96.471,270.69,306.44,219.05,280.93
321.08,79.688,376.98,107.12,274.67,315.63,218.77,288.2
316.32,81.897,372.5,107.13,278.05,317.44,221.87,292.21
316.88,86.347,375.36,113.13,285.77,308.74,227.29,281.95
332.8,92.71,402.85,136.47,295.65,308.1,225.59,264.34
329.24,92.163,399.16,131.9,298,309.89,228.08,270.15
310.71,90.881,381.35,114.01,317.83,308.02,247.18,284.89
306.11,98.585,389.26,122.77,335.48,307.7,252.33,283.51
300.96,102.44,384.38,123.91,336.74,309,253.33,287.53
300.65,101.31,388.34,123.29,341.44,310.38,253.75,288.39
313.04,89.421,406.14,119.68,345.43,306.49,252.33,276.23
302.87,94.763,394.99,117.47,348.26,307.08,256.13,284.37
311.44,87.844,402.08,115.01,347.01,298.75,256.37,271.59
389.13,90.189,425.43,126.3,249,303.66,212.7,267.55
312.02,73.51,415.1,107.14,354.81,291.91,251.73,258.28
350.81,68.174,441.41,116.25,343.73,300.35,253.13,252.27
345.37,69.234,409.75,86.168,353.41,300.38,289.03,283.45
345.09,70.368,409.44,87.25,353.56,300.22,289.22,283.34
348.94,66.371,408.62,82.453,350.16,299.34,290.49,283.26
341.32,58.98,403.78,77.445,339.19,295.91,276.73,277.45
337.07,59.883,402.37,77.865,341.96,297.22,276.66,279.24
340.27,56.447,400.06,74.25,333.35,298.27,273.56,280.47
335.23,60.687,396,77.547,334.19,300.34,273.42,283.48
339.09,61.425,398.57,79.479,331.14,301.61,271.66,283.56
336.7,64.965,394.74,82.279,328.59,304.01,270.55,286.69
345.49,73.684,406.44,98.173,324.11,303.09,263.16,278.61
331.38,75.908,392.2,93.495,331.25,304.3,270.43,286.72
332.24,79.453,396.3,98.682,333.92,306.51,269.86,287.29
322.49,88.104,389.79,100.75,351.62,303.86,284.33,291.22
316.18,88.959,390,101.61,354.68,307.84,280.85,295.19
305.56,92.59,387.05,103.03,361.41,303.2,279.92,292.76
314.65,88.388,395.67,100.93,366.57,288.9,285.55,276.36
315.72,89.459,397.18,103.06,366.42,287.27,284.96,273.67
315.27,83.978,397.44,96.431,368.44,287.8,286.27,275.35
293.67,85.67,386,85.67,386,299,293.67,299
299.41,90.502,388.74,95.797,377.17,291.05,287.83,285.75
299.72,90.208,387.66,93.034,381.3,290.63,293.37,287.81
334.44,87.344,388.27,90.058,378.12,291.35,324.29,288.64
335.66,85.537,389.77,88.928,377.03,292.15,322.93,288.76
334.53,86.128,386.11,88.963,374.95,292.14,323.36,289.3
330.66,83.543,383.32,85.937,373.85,294.27,321.18,291.88
331.48,84.283,384.58,87.823,370.66,296.64,317.56,293.1
307.8,86.072,373.55,86.698,371.56,296.51,305.8,295.89
324.25,82.501,380.88,87.989,360.85,294.61,304.22,289.12
325.97,80.709,379.96,86.144,358.8,296.32,304.81,290.89
324.7,80.365,381.73,87.03,357.45,294.82,300.42,288.15
314.73,79.021,377.95,85.92,355.23,294.19,292,287.29
318.76,79.891,377.88,86.041,356.11,295.35,296.99,289.2
313.55,78.423,377.38,85.59,353.93,294.47,290.1,287.3
312.57,79.987,375.55,85.906,356.05,293.28,293.08,287.36
311.65,79.939,375.49,86.517,354.09,294.2,290.25,287.62
311.39,81.012,375.17,87.251,355.04,293,291.26,286.76
312.32,82.321,374.63,87.77,357.06,288.75,294.75,283.3
312.5,83.236,372.76,87.048,359.86,291.1,299.59,287.29
311.83,83.587,371.55,87.134,359.52,289.63,299.8,286.08
307.46,86.064,364.4,85.79,365.37,287.21,308.43,287.48
308.15,86.114,366.09,86.208,365.76,288.1,307.82,288.01
309.58,85.798,369.56,85.654,370.05,288.95,310.07,289.09
304.4,85.465,368.77,81.606,380.65,279.85,316.28,283.71
308.03,84.291,370.71,82.554,375.85,268.11,313.17,269.85
308.15,83.298,376.31,82.11,379.46,262.58,311.29,263.77
309.59,78.285,379.59,76.663,383.7,253.99,313.7,255.62
303.13,80.68,370.51,76.242,381.91,249.32,314.53,253.76
300.89,78.255,370.97,73.261,383.67,251.49,313.59,256.48
304.09,72.619,371.48,68.323,384.02,265.03,316.63,269.32
305.79,71.148,373.66,68.056,382.67,265.95,314.8,269.04
297.53,72.945,364.11,66.196,384.59,268.28,318.02,275.03
318.09,63.323,372.19,63.367,372.02,275.44,317.92,275.39
317.73,61.404,367.28,61.039,368.86,275.37,319.31,275.73
316.14,58.098,363.45,57.849,364.62,280.28,317.31,280.53
311.9,53.262,348.45,52.675,352.22,287.56,315.68,288.14
312.64,54.336,350.16,53.811,353.42,286.63,315.9,287.15
294.75,51,355.75,51,355.75,289.5,294.75,289.5
294.12,53.5,353.12,53.5,353.12,289.75,294.12,289.75
293.5,56,350.5,56,350.5,290,293.5,290
292.88,58.5,347.88,58.5,347.88,290.25,292.88,290.25
292.25,61,345.25,61,345.25,290.5,292.25,290.5
291.62,63.5,342.62,63.5,342.62,290.75,291.62,290.75
291,66,340,66,340,291,291,291
291.2,67,338.7,67,338.7,290.1,291.2,290.1
291.4,68,337.4,68,337.4,289.2,291.4,289.2
291.6,69,336.1,69,336.1,288.3,291.6,288.3
291.8,70,334.8,70,334.8,287.4,291.8,287.4
292,71,333.5,71,333.5,286.5,292,286.5
292.2,72,332.2,72,332.2,285.6,292.2,285.6
292.4,73,330.9,73,330.9,284.7,292.4,284.7
292.6,74,329.6,74,329.6,283.8,292.6,283.8
292.8,75,328.3,75,328.3,282.9,292.8,282.9
293,76,327,76,327,282,293,282
295.58,75.08,332.42,75.08,332.42,282.83,295.58,282.83
298.17,74.17,337.83,74.17,337.83,283.67,298.17,283.67
300.75,73.25,343.25,73.25,343.25,284.5,300.75,284.5
303.33,72.33,348.67,72.33,348.67,285.33,303.33,285.33
305.92,71.42,354.08,71.42,354.08,286.17,305.92,286.17
308.5,70.5,359.5,70.5,359.5,287,308.5,287
311.08,69.58,364.92,69.58,364.92,287.83,311.08,287.83
313.67,68.67,370.33,68.67,370.33,288.67,313.67,288.67
316.25,67.75,375.75,67.75,375.75,289.5,316.25,289.5
318.83,66.83,381.17,66.83,381.17,290.33,318.83,290.33
321.42,65.92,386.58,65.92,386.58,291.17,321.42,291.17
324,65,392,65,392,292,324,292
313.7,78.25,382.57,68.32,406.3,286.67,337.43,296.59
303.4,91.5,373.14,71.65,420.6,281.34,350.86,301.18
293.11,104.74,363.71,74.98,434.89,276.01,364.29,305.77
282.81,117.98,354.28,78.3,449.19,270.68,377.72,310.37
272.51,131.23,344.85,81.62,463.49,265.36,391.15,314.96
262.21,144.48,335.42,84.94,477.79,260.02,404.58,319.55
259.35,146.68,335.71,87.92,472.65,259.07,396.29,317.83
272.25,146.89,355.95,74.35,511.75,254.11,428.05,326.65
266.16,144.04,350.87,79.02,489.51,259.62,404.8,324.65
270.22,145.9,349.2,82.17,484.12,249.44,405.13,313.17
274.27,147.75,347.54,85.31,478.73,239.25,405.46,301.69
270.64,147.47,348.27,81.89,485.15,243.9,407.53,309.48
267.02,147.18,349.01,78.46,491.58,248.55,409.59,317.27
263.39,146.9,349.74,75.04,498.01,253.2,411.66,325.06
268.34,138.05,355.64,76.47,482.71,255.46,395.41,317.04
273.29,129.21,361.54,77.89,467.43,257.72,379.18,309.04
278.23,120.38,367.43,79.32,452.15,259.96,362.94,301.02
283.17,111.54,373.33,80.74,436.86,262.22,346.7,293.02
288.11,102.7,379.21,82.16,421.57,264.48,330.48,285.02
293.06,93.86,385.1,83.58,406.29,266.73,314.24,277.01
298,85,391,85,391,269,298,269
294.73,83,384.64,83,384.64,270.91,294.73,270.91
291.45,81,378.27,81,378.27,272.82,291.45,272.82
288.18,79,371.91,79,371.91,274.73,288.18,274.73
284.91,77,365.55,77,365.55,276.64,284.91,276.64
281.64,75,359.18,75,359.18,278.55,281.64,278.55
278.36,73,352.82,73,352.82,280.45,278.36,280.45
275.09,71,346.45,71,346.45,282.36,275.09,282.36
271.82,69,340.09,69,340.09,284.27,271.82,284.27
268.55,67,333.73,67,333.73,286.18,268.55,286.18
265.27,65,327.36,65,327.36,288.09,265.27,288.09
262,63,321,63,321,290,262,290
261.2,64.7,319.3,64.7,319.3,289.2,261.2,289.2
260.4,66.4,317.6,66.4,317.6,288.4,260.4,288.4
259.6,68.1,315.9,68.1,315.9,287.6,259.6,287.6
258.8,69.8,314.2,69.8,314.2,286.8,258.8,286.8
258,71.5,312.5,71.5,312.5,286,258,286
257.2,73.2,310.8,73.2,310.8,285.2,257.2,285.2
256.4,74.9,309.1,74.9,309.1,284.4,256.4,284.4
255.6,76.6,307.4,76.6,307.4,283.6,255.6,283.6
254.8,78.3,305.7,78.3,305.7,282.8,254.8,282.8
254,80,304,80,304,282,254,282
254.92,78.17,305.92,78.17,305.92,282.67,254.92,282.67
255.83,76.33,307.83,76.33,307.83,283.33,255.83,283.33
262.54,83.457,306.98,83.757,305.69,274.64,261.25,274.34
262.68,83.525,304.25,83.895,302.56,273.67,260.99,273.3
267.03,82.53,308.23,84.126,300.9,273.5,259.7,271.9
271.55,78.194,314.08,83.119,291.29,279.98,248.76,275.05
270.37,79.028,313.73,83.318,294.28,279.9,250.92,275.61
271.11,76.095,316.22,80.543,299.81,247.03,254.69,242.58
273.39,67.651,321.72,72.749,299.33,285,251,279.9
273.13,68.025,320.01,72.657,299,285.22,252.13,280.59
274.28,64.896,322.09,69.315,302.11,285.47,254.3,281.06
274.6,62.165,322.97,64.807,310.86,286.6,262.49,283.95
273.4,62.571,319.61,64.563,310.01,287.24,263.81,285.25
275.34,63.775,321.76,65.149,315.18,287.43,268.77,286.06
274.27,65.793,326.91,67.296,321.66,251.24,269.02,249.73
270.24,66.796,324.14,67.156,322.93,248.17,269.03,247.81
275.43,72.06,330.92,72.937,328.07,253.09,272.59,252.21
285.55,75.187,335.2,74.713,337.08,271.76,287.43,272.23
281.48,76.442,331.22,73.636,343.53,291.86,293.8,294.67
284.27,80.515,337.77,80.189,338.86,260.22,285.37,260.54
279.56,85.458,341.79,84.018,346.39,282.88,284.16,284.32
281.38,86.46,344.55,86.116,345.59,278.21,282.43,278.56
275.53,91.749,337.49,85.076,359.66,290.88,297.69,297.55
279.58,98.201,339.13,89.476,369.22,294.87,309.67,303.59
278.26,97.159,338.64,88.005,370.02,294.99,309.63,304.15
282.74,97.019,337.86,88.172,370.85,293.74,315.73,302.59
285.31,93.155,339.31,84.6,372.35,293.17,318.34,301.73
286.24,93.196,341.26,84.693,373.27,291.81,318.25,300.31
286,88.587,341.41,80.641,372.13,294.9,316.72,302.85
296.71,76.618,349.34,73.437,362.65,293.67,310.02,296.85
293.46,73.872,347.46,69.484,366.29,301.31,312.29,305.7
293.75,70.374,351.21,67.339,363.63,302.46,306.17,305.5
296.51,62.805,357.55,63.378,355.31,302.02,294.27,301.45
296,62.375,357.04,62.721,355.69,300.36,294.65,300.02
289.82,61.888,353.85,62.274,352.44,296.51,288.41,296.13
287.99,61.867,355.96,64.56,348.67,248.47,280.71,245.78
297.1,60.192,358.7,66.802,334.02,296.72,272.42,290.11
290.73,60.995,353.95,65.123,341.2,260.37,277.98,256.25
299.11,63.967,351.1,69.815,325.55,296.94,273.56,291.09
300.85,64.309,351.46,70.517,323.7,296.78,273.1,290.58
292.47,65.987,340.26,68.617,327.74,296.09,279.95,293.46
290.55,64.74,342.44,67.134,331.93,295.05,280.04,292.65
293,64.902,344.18,67.808,331.2,296.4,280.02,293.5
299.59,63.327,349.97,67.49,331.05,296.46,280.67,292.3
296.98,56.988,352.83,63.353,326.55,294.03,270.69,287.67
296.32,56.385,353.74,62.723,327.62,299.33,270.2,292.99
301.16,51.121,358.4,59.025,325.35,298.41,268.11,290.5
312.01,50.258,362.46,60.812,313.54,294.59,263.1,284.04
306.07,50.005,358.36,59.117,318.04,290.55,265.75,281.44
303.92,47.966,363.39,59.517,325.51,254.52,266.04,242.97
309.1,55.209,365.22,63.955,330.4,287.43,274.28,278.68
309.18,55.193,366.44,64.389,330.49,288.29,273.23,279.09
305.13,58.369,364.1,65.41,337.7,286.53,278.73,279.49
303.51,66.138,363.66,71.126,346.13,282.49,285.98,277.51
314.16,64.45,376.43,74.189,343.55,284.46,281.27,274.72
316.86,71.001,372.85,78.185,346.58,283.02,290.58,275.84
311.21,75.629,366.84,78.755,355.56,279.38,299.93,276.26
306.73,76.831,365.94,79.294,357.63,279.26,298.41,276.8
310.87,76.851,371.18,80.04,360.87,275.08,300.56,271.89
315.32,77.777,375.55,79.89,368.76,273.15,308.54,271.04
319.2,76.577,378.48,79.759,368.02,274.55,308.74,271.37
320.77,78.009,382.64,80.992,373.55,269.49,311.68,266.51
312.48,78.977,376.21,78.327,378.11,265.08,314.38,265.72
317.18,80.057,378.78,80.53,377.38,262.71,315.78,262.23
320.05,75.838,381.22,77.088,377.54,257.17,316.37,255.92
323.82,68.15,377.3,68.789,374.95,265.22,321.48,264.58
321.32,69.16,375.95,69.004,376.47,249.65,321.83,249.81
337.21,49.059,390.56,53.864,370.81,273.29,317.45,268.49
326.77,51.03,384.82,50.953,385.08,245.67,327.03,245.74
328.75,53.589,385.05,53.99,383.52,269.15,327.22,268.75
328.97,46.281,389.6,46.91,387.29,269.03,326.66,268.4
328.84,58.374,388.62,57.993,389.85,251.53,330.08,251.91
330.65,56.734,388.24,57.811,384.48,258.79,326.9,257.71
337.69,62.686,393.23,62.814,392.8,246.45,337.26,246.32
346.6,58.279,397.25,60.126,389.78,264.94,339.13,263.09
344.94,59.203,396.01,60.383,391.21,268.14,340.14,266.96
344.79,56.602,394.12,59.7,380.92,269.93,331.58,266.83
337.25,60.681,383.62,60.958,382.39,266.63,336.02,266.35
336.54,58.736,384.76,58.601,385.35,267.26,337.12,267.4
338.79,59.154,385.89,59.54,384.22,263.28,337.12,262.9
342.07,64.431,387.2,64.551,386.68,259.34,341.55,259.22
341.36,64.082,389.73,64.609,387.66,254.19,339.3,253.66
342.81,65.226,393.56,69.037,378.94,263.67,328.19,259.86
347.01,67.524,395.85,73.006,375.23,256.72,326.39,251.23
346.53,66.148,395.24,70.957,377.15,254.23,328.44,249.42
344.67,67.706,393.39,71.221,380.04,256.26,331.32,252.75
340.64,64.37,394.23,67.358,383.52,259.49,329.92,256.51
341.54,62.286,393.7,65.451,381.99,258.32,329.84,255.16
347.73,63.943,394.74,68.34,376.83,259.81,329.82,255.41
344.86,62.433,390.88,64.271,383.14,257.95,337.12,256.11
340.89,63.739,387.54,63.934,386.73,256.25,340.09,256.06
335.88,63.74,387.27,63.68,387.48,237.68,336.09,237.74
336.94,68.447,387.98,69.827,384.01,216.87,332.97,215.49
341.69,66.156,395.16,73.465,374.23,226.55,320.77,219.24
335.9,69.094,377.37,66.158,390.65,253.77,349.17,256.7
329.1,72.919,374.92,66.933,395.01,220.7,349.19,226.69
320.52,73.985,385.76,64.49,412.74,249.86,347.5,259.36
327.21,70.504,376.46,67.806,386.94,259.13,337.69,261.83
332.95,60.552,382.52,59.702,385.81,251.34,336.24,252.19
335.03,65.92,383.11,67.425,378.18,224.79,330.11,223.29
341.58,70.326,384.8,73.613,373.47,222.57,330.26,219.28
346.83,66.22,387.75,72.068,366.69,219.39,325.78,213.54
342.89,64.87,386.35,70.137,366.52,233.76,323.06,228.5
344.71,65.989,385.96,71.819,363.05,233.96,321.8,228.13
344.66,66.885,388.02,73.786,363.07,230.5,319.72,223.6
343.48,70.276,390.41,79.135,364.64,215.69,317.7,206.83
341.67,68.73,387.09,75.635,364.9,221.61,319.47,214.7
341.48,69.261,388.91,76.726,366.84,216.93,319.41,209.47
344.28,74.191,393.44,85.545,364.28,211.84,315.11,200.48
336.29,75.008,387.35,82.952,367.93,207.75,316.87,199.8
331.47,76.58,381.26,82.189,366.21,215.72,316.43,210.11
340.77,79.675,381.51,86.157,356.74,241.92,315.99,235.43
340.64,75.481,384.67,83.499,355.8,242.03,311.77,234.02
340.1,76.929,380.21,83.742,353.32,242.03,313.21,235.22
335.2,77.453,372.9,84.2,344.07,245.3,306.37,238.55
333.2,78.372,369.39,83.355,347.1,245.2,310.91,240.22
330.79,77.547,366.41,82.541,343.55,245.51,307.94,240.52
324.12,78.394,361.47,83.2,340.55,245.72,303.21,240.92
317.73,78.312,355.62,81.23,343.05,244.49,305.16,241.57
314.43,77.572,353.87,81.479,337.86,242.99,298.43,239.08
308.19,75.162,344.67,77.713,333.18,241.87,296.71,239.32
312.14,70.817,346.28,74.102,330.15,241.78,296.01,238.5
310.6,71.742,342.4,74.461,328.03,242.52,296.23,239.8
305.07,71.761,334.99,74.598,319.13,241.9,289.21,239.06
303.15,73.066,333.82,75.943,318.28,241.63,287.61,238.75
301.43,70.501,337.77,74.869,317.73,241.55,281.4,237.18
289.69,67.58,327.94,68.426,324.51,223.76,286.25,222.91
287.62,66.678,326.96,67.047,325.39,234.38,286.05,234.01
288.13,67.066,325.95,68.275,320.53,237.96,282.71,236.75
285.75,70.315,323.08,72.43,313.74,237.22,276.41,235.1
286.46,70.798,323.61,73.228,313.08,234.28,275.92,231.85
281.5,71.54,320.73,71.388,321.36,234.07,282.13,234.22
278.45,74.65,318.69,73.413,323.69,236.05,283.45,237.29
280.88,73.761,321.17,73.106,323.83,236.8,283.54,237.45
275.92,75.187,316.55,72.67,326.77,237.72,286.15,240.24
275,75.598,315.19,73.107,325.35,237.07,285.16,239.56
275.69,73.674,318.81,72.052,324.91,234.19,281.79,235.81
273.51,72.273,313.13,70.125,322,233.76,282.38,235.91
278.3,66.569,313.7,66.412,314.44,234.86,279.04,235.02
277.19,70.454,312.63,70.228,313.68,234.54,278.24,234.76
277.89,68.339,313.99,67.949,315.78,233.82,279.68,234.21
280.78,62.191,317.06,61.78,318.97,230.59,282.69,231.01
278.05,60.924,314.68,59.357,321.89,227.94,285.27,229.51
279.8,62.146,315.59,60.606,322.7,225.69,286.91,227.23
288.86,58.217,329.32,61.256,316.4,233.31,275.94,230.28
289.88,58.081,330.47,61.551,315.69,234.29,275.11,230.82
291.78,62.504,335.34,67.956,314.34,235.78,270.78,230.33
296.01,65.571,340.05,72.558,314.01,236.72,269.97,229.74
296.57,66.036,340.1,72.756,314.58,238.03,271.05,231.31
296.65,67.831,341.79,74.332,317.93,239.97,272.8,233.47
302.43,69.678,347.74,78.64,315.74,240.37,270.44,231.41
301.9,71.292,346.8,79.343,317.89,240.52,273,232.47
303.7,71.007,349.98,80.249,317.78,241.47,271.5,232.23
304.91,78,351.11,88.396,316.74,241.16,270.54,230.76
304.97,77.914,351.49,87.577,319.01,243.98,272.48,234.32
308.3,78.199,351.55,88.31,315.26,243.5,272.02,233.39
309.4,79.159,352.44,89.634,314.41,245.88,271.37,235.41
309.45,78.838,352.19,89.556,314.17,241.21,271.42,230.49
309.38,79.857,349.2,88.992,313.76,243.49,273.94,234.36
311.23,81.459,350.12,90.06,316.76,240.94,277.86,232.33
309.82,81.174,350.8,89.812,318.84,241.45,277.85,232.82
312.94,81.808,352.17,91.173,316.22,241.78,276.99,232.42
319.53,80.707,359.25,92.683,314.59,240.81,274.87,228.84
322.17,81.387,362.92,94.634,315.07,241.85,274.32,228.6
327.24,81.407,367.97,96.299,314.28,243.12,273.56,228.23
318.51,81.758,365.94,90.643,343.37,211.13,295.94,202.24
324.48,82.949,371.01,94.291,342.72,210.37,296.18,199.03
322.07,82.832,367.71,91.043,346.59,208.4,300.96,200.19
320.26,83.737,366.39,88.481,354.22,206.82,308.09,202.07
320.69,83.829,364.87,88.239,353.09,206.28,308.91,201.87
319.99,84.618,365.02,88.108,355.93,205.41,310.9,201.92
316.86,85.231,362.53,88.081,354.05,223.86,308.39,221.01
323.33,86.055,361.6,88.216,354.6,212.12,316.34,209.96
318.86,85.936,359.93,88.368,351.99,222.44,310.92,220.01
319.85,85.328,351.83,87.541,341.93,230.68,309.94,228.47
316.87,85.409,352.88,87.485,344.63,230.6,308.62,228.53
315.24,95.236,348.57,97.67,338.66,233.45,305.32,231.02
305.57,82.558,340.1,82.885,338.65,235.83,304.12,235.5
304.21,85.145,338.54,84.834,339.91,235.58,305.58,235.89
301.83,85.652,337.96,85.254,339.61,235.05,303.48,235.45
295.9,85.067,336.31,84.583,338.08,232.87,297.67,233.36
290.78,79.61,338.06,79.746,337.61,233.54,290.34,233.4
295.61,81.939,337.03,81.648,338.09,232.7,296.68,232.99
291.36,82.537,328.51,80.453,337.16,234.61,300.01,236.69
291.41,85.422,328.53,83.566,336.27,238.39,299.15,240.25
294.19,82.585,329.78,81.323,335.29,236.81,299.71,238.07
296.57,83.846,336.84,88.001,320.92,242.39,280.64,238.24
297.93,83.363,337.8,88.36,319.21,236.66,279.34,231.66
291,78.283,338.62,80.7,332.45,202.43,284.82,200.02
287.83,84.895,332.05,85.5,329.99,236.54,285.77,235.93
288.45,86.339,330.51,86.627,329.68,208.09,287.62,207.81
291.36,84.185,329.33,89.048,313.03,216.27,275.06,211.41
286.15,83.178,317.42,81.212,327.28,237.98,296,239.95
294.85,88.023,329.44,91.238,315.63,239.79,281.04,236.58
278.14,91.025,324.5,86.731,338.38,236.57,292.02,240.86
272.46,91.429,322.28,86.758,333.79,209.51,283.97,214.19
275.46,89.601,323.25,86.548,332.4,229.72,284.61,232.77
279.27,85.571,325.23,85.972,323.91,238.2,277.94,237.8
282.95,89.476,319.95,84.732,340.47,244.81,303.47,249.56
283.03,88.964,321.13,84.421,340.3,245.19,302.2,249.74
284.79,90.332,321.92,85.67,341.97,245.34,304.84,250
293.86,85.902,335.11,84.82,339.37,247.45,298.13,248.53
293.12,86.32,333.6,84.966,339.1,249.57,298.62,250.92
294.39,85.835,336.94,84.607,341.75,251,299.19,252.23
293.36,95.027,340.48,91.904,350.64,245.23,303.52,248.36
291.46,91.907,342.75,89,350.4,224.09,299.12,227
309.19,91.546,352.53,94.223,342.68,253.61,299.34,250.93
304.65,94.042,353.15,93.374,355.38,254.94,306.88,255.61
304.92,94.22,355.68,92.357,361.47,250.36,310.72,252.23
312.34,96.724,361.68,96.401,362.72,255.43,313.39,255.76
308.53,100.67,366.87,100.52,367.25,252.92,308.91,253.06
303.52,99.275,363.42,95.929,372.3,254.89,312.4,258.23
311.26,100.29,368.27,98.66,372.79,256.37,315.78,258
324.09,108.9,375.56,108.33,377,237.58,325.52,238.15
321.56,108.8,374.85,108.55,375.45,237.19,322.16,237.44
322.94,113.26,377.42,110.94,383.48,253.18,328.99,255.5
332.11,113.74,384.96,114.51,382.88,257.3,330.03,256.53
330.64,116.83,382.5,116.62,383.07,259.08,331.21,259.28
321.05,121.44,380.48,112.04,401.5,248.34,342.08,257.74
320.79,125.5,369.32,108.62,415.38,241.07,366.85,257.95
315.31,132.14,362.93,110.95,418.11,234.93,370.5,256.12
322.04,128.14,365.07,111.44,418.99,250.41,375.96,267.1
331.74,121.05,369.85,108.65,416.09,250.86,377.98,263.25
331.96,121.05,370.29,108.91,415.28,250.94,376.96,263.08
337.08,117.99,373.9,108.66,410.66,253.63,373.84,262.97
335.14,121.13,372.45,110.83,409.98,246.77,372.67,257.07
333.97,123.02,371.39,111.54,412.09,244.14,374.67,255.63
333.16,123.15,371.1,111.83,411.11,246.03,373.17,257.34
336.93,123.29,376.2,114.89,403.11,240.72,363.83,249.12
338.63,123.25,375.5,115.12,406.31,254.95,369.43,263.07
334.02,126.14,374.28,116.45,403.64,238.51,363.39,248.19
326.96,127.74,373.65,116.71,402.75,239.81,356.06,250.84
333.88,123.78,379.87,117.36,397.92,246.54,351.93,252.97
333.4,121.34,379.6,117.51,390.41,247.94,344.21,251.77
323.76,126.41,360.75,115.19,401.51,249.56,364.52,260.79
331.17,120.23,379.79,119.36,382.24,257.66,333.62,258.53
324.42,124.36,359.93,115.72,393.34,253.05,357.83,261.69
322.87,123.77,359.24,117.1,384.49,254.79,348.11,261.46
326.72,118.07,368.71,117.76,369.77,260.21,327.77,260.52
328.69,115.32,367.12,116.37,363.18,260.65,324.75,259.6
327.11,109.11,361.53,107.3,369.57,259.56,335.14,261.38
327.54,110.23,359.91,108.58,367.39,256.01,335.02,257.65
334.39,104.19,378.3,112.14,350.91,263.4,307,255.45
328.04,96.409,368.76,102.94,343.21,262.28,302.5,255.75
324.55,97.045,367.74,102.9,346.38,260.34,303.2,254.48
328.92,93.233,369.67,100.03,342.61,262.31,301.86,255.52
335.01,90.233,374.59,100.02,334.58,261.81,295,252.02
333.87,89.712,374.98,99.794,335.56,260.56,294.44,250.48
332.22,94.799,376.6,107,333.62,263.4,289.24,251.2
329.31,93.973,377.88,108.56,330.98,264.75,282.41,250.16
326.15,94.59,373.13,106.07,334.03,266.08,287.05,254.61
322.99,100.04,363.62,106.15,339.34,267.57,298.71,261.46
315.05,99.351,368.69,113.5,328.67,265.27,275.03,251.12
311.8,101.42,362.74,112.55,329.55,264.41,278.61,253.28
311.85,106.28,354.89,113.2,330.18,266.83,287.14,259.9
314.48,104.4,360.26,118.07,316.68,264.06,270.89,250.39
316.24,104.35,363.81,120.1,315.95,264.67,268.38,248.92
311.96,105.17,360.05,119.09,318.07,264.13,269.98,250.22
303.41,107.12,344.52,115.58,313.58,266,272.48,257.54
305.03,108.39,346.14,117.03,315.19,264.22,274.09,255.58
301.97,103.37,347.62,112.56,317.09,264.23,271.43,255.04
294.49,101.4,336.15,107.87,312.2,262.18,270.54,255.72
290.2,102.83,332.55,107.93,314.15,260.57,271.8,255.46
278.82,101.6,327.64,104.78,317.61,258.4,268.79,255.21
293.29,93.995,330.87,102.6,295.91,255.31,258.33,246.71
293.27,94.345,331.7,103.69,294.42,256.97,255.99,247.62
291.4,93.209,329.37,101.84,295.01,252.87,257.05,244.24
287.23,88.311,323.18,93.658,299.26,254.46,263.31,249.12
285.21,88.258,320.05,92.09,302.29,253.57,267.45,249.74
287.17,87.151,323.55,91.851,302.79,252.48,266.41,247.78
281.2,87.947,316.43,88.127,315.6,252.06,280.37,251.88
281.63,89.373,316.75,89.651,315.47,251.3,280.36,251.02
281.72,91.833,321.23,91.369,323.01,243.32,283.5,243.78
286.76,94.52,330.98,94.986,329.38,247.31,285.15,246.84
285.89,94.684,331.99,95.235,330.34,233.3,284.23,232.75
287.06,97.123,331.31,97.194,331.07,246.01,286.82,245.94
287,104,336,104,336,251,287,251
287.5,105.67,338.83,105.67,338.83,253.17,287.5,253.17
288,107.33,341.67,107.33,341.67,255.33,288,255.33
288.5,109,344.5,109,344.5,257.5,288.5,257.5
289,110.67,347.33,110.67,347.33,259.67,289,259.67
289.5,112.33,350.17,112.33,350.17,261.83,289.5,261.83
288.95,112.7,350.25,112.7,350.25,262.15,288.95,262.15
288.4,113.06,350.34,113.06,350.34,262.46,288.4,262.46
287.85,113.43,350.42,113.43,350.42,262.78,287.85,262.78
287.3,113.8,350.5,113.8,350.5,263.1,287.3,263.1
286.75,114.17,350.58,114.17,350.58,263.42,286.75,263.42
286.2,114.53,350.67,114.53,350.67,263.73,286.2,263.73
285.65,114.9,350.75,114.9,350.75,264.05,285.65,264.05
285.1,115.27,350.83,115.27,350.83,264.37,285.1,264.37
284.55,115.63,350.92,115.63,350.92,264.68,284.55,264.68
284,116,351,116,351,265,284,265
284,115.6,351,115.6,351,266.2,284,266.2
284,115.2,351,115.2,351,267.4,284,267.4
284,114.8,351,114.8,351,268.6,284,268.6
295.34,110.05,337.53,113.68,324.32,267.48,282.12,263.85
284,114,351,114,351,271,284,271
295.88,112.74,348.69,114.2,344.71,257.92,291.9,256.46
322.14,109.61,360.63,123.68,305.07,275.72,266.57,261.65
287.38,116.49,348.14,110.23,359.91,224.47,299.14,230.73
299.12,116.3,352.87,116.4,352.62,247.2,298.87,247.1
297.08,114.67,354.74,113.6,357.16,244.15,299.51,245.22
305.02,113.77,353.37,116.23,346.64,248.32,298.3,245.86
322.76,109.81,366.22,119.96,329.51,277.11,286.05,266.96
320.54,109.02,366.54,119.2,331.18,279.01,285.17,268.83
326.69,109.04,368.45,119.71,327.68,279.26,285.91,268.59
316.42,108.83,364.27,118.83,330.91,278.46,283.06,268.47
317.44,108.93,363.73,117.92,335.67,262.29,289.39,253.29
311.99,108.74,360.73,117.2,333.74,272.73,285,264.27
308.97,106.55,359.42,115.71,331.56,269.09,281.11,259.93
313.76,106.55,360.02,115.51,332.35,258.47,286.09,249.51
307.06,111.1,353.91,117.73,332.7,267.58,285.85,260.95
306.07,105.37,352.93,112,331.95,260.12,285.09,253.48
307.73,107.25,349.67,111.77,334.48,252.65,292.55,248.14
308.15,106.26,346.76,110.53,330.5,257.44,291.89,253.17
304.14,101.57,343.64,105.98,325.25,270.45,285.76,266.03
304.62,101.43,343.34,105.91,324.23,270.95,285.52,266.47
305.84,97.147,343.58,102.24,320.82,270.99,283.08,265.9
301.65,92.776,336.53,94.209,329.48,265.95,294.6,264.52
307.21,92.654,338.18,94.516,327.93,265.09,296.95,263.22
298.36,95.331,336.76,96.432,331.85,267.75,293.44,266.65
299.76,91.032,341.1,92.692,334.11,266.87,292.77,265.21
295.7,93.452,336.55,93.339,337.03,268.04,296.19,268.15
291.7,94.539,332.4,92.064,343.18,269.38,302.48,271.86
286.97,96.701,331.42,90.102,357.2,263.79,312.75,270.38
286.47,98.533,330.13,91.58,357.69,264.62,314.04,271.58
281.48,102.68,330.3,92.439,365.62,260.91,316.8,271.15
285.1,108.06,331.68,96.515,372.31,260.48,325.73,272.03
284.67,106.91,330.21,95.379,372.94,264.2,327.4,275.73
288.51,110.06,331.37,99.724,371.29,265.23,328.43,275.57
290.66,115.81,334.73,106.05,370.61,267.91,326.54,277.68
287.56,121.84,333.67,107.06,376.96,242.12,330.84,256.9
294.78,115.63,336.71,109.38,361.24,274.12,319.31,280.36
291.71,120.88,335.41,112.92,364.43,272.22,320.74,280.18
292.5,121.69,334.56,113.89,364.03,272.97,321.97,280.76
297.89,119.85,341.81,115.29,355.74,249.32,311.81,253.89
270.33,145.75,322.82,114.51,386.72,221.9,334.24,253.13
272.04,148.3,323.18,116.1,396.76,232.96,345.62,265.16
397.4,238.3,343.83,272.17,267.02,150.69,320.59,116.82
257.37,152.65,314.23,115.56,397.46,243.13,340.6,280.23
268.62,136.49,319.73,114.16,387.24,268.66,336.12,291
272.58,125.47,322.22,111.46,369.6,279.45,319.95,293.45
267.02,121.95,315.85,107.74,367.22,284.28,318.39,298.49
274.58,117.83,317.39,108.52,356.45,288.16,313.64,297.47
276.59,117.38,318.09,109.61,351.79,289.7,310.29,297.46
279.34,112.36,324.86,106.33,349.43,291.68,303.91,297.71
282.53,105.92,327.98,102.98,340.18,291.63,294.73,294.57
281.76,103.54,335.12,102.61,338.41,291.2,285.05,292.13
286.85,105.26,337.24,106.13,334,293.57,283.62,292.7
296.54,102.23,336.22,105.94,318.6,294.46,278.92,290.75
294.17,102.72,335.99,105.92,321.49,295.73,279.68,292.53
301.21,102.68,344.78,109.01,317.78,294.76,274.21,288.43
302.97,107.16,354.49,118.63,314.9,296.47,263.37,285
301.99,108.9,354,119.7,317.09,297.43,265.09,286.64
303.44,109.72,354.75,121.33,315.15,296.41,263.84,284.8
298.96,113.1,353.13,123.69,318.63,300.09,264.47,289.5
301.85,113.44,354.16,124.59,317.03,298.9,264.72,287.76
300.54,112.92,352.29,123.18,317.3,299.55,265.55,289.28
304.59,111.68,354.08,121.26,319.66,298.97,270.18,289.39
306.03,112.41,355,122.17,320.1,297.43,271.13,287.68
306.11,108.7,356.5,119.22,319.46,296.57,269.07,286.05
300.33,102.98,352.23,112.83,317.77,294.43,265.86,284.58
303.76,103.12,355.18,114.18,316.42,294.46,264.99,283.4
302.48,97.829,353.98,108.8,315.06,291.49,263.56,280.52
302.9,88.207,351.59,98.231,311.7,291.98,263.01,281.96
298.14,87.448,348.8,95.716,315.63,298.99,264.97,290.72
302.73,84.159,351.42,93.364,312.65,298.46,263.96,289.25
301.98,78.103,347.97,84.75,317.23,297.5,271.23,290.85
302.04,78.731,349.87,85.51,319.83,297.47,272,290.69
302.7,75.98,349.64,82.84,318.65,294.9,271.71,288.04
305.29,74.868,351.55,80.537,325.52,292.94,279.26,287.27
302.23,74.965,350.7,79.001,332.79,294.19,284.31,290.16
302.75,75.657,357.26,79.622,341.52,296.06,287.01,292.1
301.44,78.894,359.72,80.125,355.2,293.98,296.92,292.75
307.21,78.919,355.92,82.23,341.26,297.95,292.55,294.64
303.87,78.103,350.99,79.322,345.41,295.2,298.29,293.98
287.12,82.25,352.38,82.25,352.38,295.62,287.12,295.62
287.75,83.5,351.25,83.5,351.25,294.75,287.75,294.75
288.38,84.75,350.12,84.75,350.12,293.88,288.38,293.88
289,86,349,86,349,293,289,293
287.64,84.73,348.36,84.73,348.36,293.45,287.64,293.45
286.27,83.45,347.73,83.45,347.73,293.91,286.27,293.91
284.91,82.18,347.09,82.18,347.09,294.36,284.91,294.36
283.55,80.91,346.45,80.91,346.45,294.82,283.55,294.82
282.18,79.64,345.82,79.64,345.82,295.27,282.18,295.27
280.82,78.36,345.18,78.36,345.18,295.73,280.82,295.73
279.45,77.09,344.55,77.09,344.55,296.18,279.45,296.18
278.09,75.82,343.91,75.82,343.91,296.64,278.09,296.64
276.73,74.55,343.27,74.55,343.27,297.09,276.73,297.09
275.36,73.27,342.64,73.27,342.64,297.55,275.36,297.55
274,72,342,72,342,298,274,298
279.03,66.63,349.3,72.47,330.74,303.14,260.47,297.3
284.06,61.26,356.6,72.95,319.49,308.29,246.95,296.6
302.3,62.814,359.61,79.045,295.67,304.84,238.36,288.61
288.19,64.981,365.69,92.22,293.29,298.21,215.79,270.97
284.29,64.038,361.58,88.241,294.55,302.3,217.26,278.09
271.92,68.325,344.61,77.596,315.43,306.4,242.74,297.13
269.96,75.896,341.36,82.846,319.51,307.29,248.12,300.34
270.81,77.019,341.05,82.929,322.23,306.63,251.99,300.72
267.08,78.226,340.98,85.386,319.53,306.81,245.62,299.65
264.64,81.544,339.48,89.409,316.6,307.07,241.77,299.21
273.8,79.912,340.71,87.247,316.51,307.95,249.61,300.61
278.76,80.916,343.18,90.063,312.06,309.28,247.63,300.13
278.8,79.479,341.05,87.816,311.43,309.03,249.17,300.69
279.98,79.356,341.13,87.378,311.98,309.59,250.83,301.57
281.93,76.788,340.82,84.104,313.55,303.61,254.66,296.3
286.44,74.884,343.77,78.723,328.8,302.21,271.47,298.37
291.34,73.646,345.81,78.727,324.92,302.74,270.45,297.66
290.42,70.603,347.45,74.987,329.81,304.46,272.78,300.08
292.87,71.924,352,71.876,352.18,293.3,293.05,293.35
288.95,72.763,355.19,72.201,357.07,293.98,290.83,294.54
288.51,73.667,357.19,69.847,369.35,288.53,300.67,292.35
301.84,71.682,368.42,65.206,389.9,286.13,323.32,292.6
301.6,73.714,367.34,67.145,389.23,286.24,323.49,292.81
308.66,70.893,376.37,66.214,391.46,284.67,323.75,289.35
321.49,65.065,394.13,64.822,394.87,284.9,322.23,285.14
323.67,59.466,395.6,58.973,397.18,289.12,325.25,289.61
327.99,61.06,402.41,62.568,397.84,287.92,323.42,286.41
333.36,56.527,400.78,55.629,403.86,286.77,336.44,287.67
346.15,54.685,408.8,57.026,400.34,283.39,337.69,281.05
350.45,53.343,411.25,55.957,401.19,289.93,340.39,287.32
338.66,59.24,396.26,51.059,428.98,281.47,371.38,289.65
349.81,54.875,399.25,51.43,415.54,285.25,366.1,288.69
357.33,54.09,398.83,50.501,419.21,286.19,377.71,289.78
359.39,54.47,417.07,47.968,442.13,270.33,384.45,276.83
360.54,58.748,416.27,51.393,445.3,271.4,389.57,278.75
367.71,52.389,428.64,50.161,437.04,279.91,376.11,282.14
363.5,66.225,429.08,52.329,477.43,280.54,411.85,294.44
364.44,63.799,431.41,50.331,478.13,282.64,411.15,296.11
382.28,61.676,445.44,52.852,477.92,285.3,414.75,294.12
393.77,61.685,458.9,57.554,473.52,287.95,408.39,292.08
404.34,64.034,464.86,61.924,472.69,286.56,412.16,288.67
410.26,67.312,478.73,66.871,480.16,289,411.69,289.44
411.72,64.96,474.22,63.637,478.98,288.54,416.48,289.86
407.15,64.12,477.58,63.62,479.17,288.17,408.74,288.67
395.18,85.8,454.9,71.337,506.32,283.66,446.6,298.13
404.25,80.8,454.23,70.46,498.39,283.89,448.41,294.23
386.58,92.477,453.17,75.79,505.96,286.45,439.37,303.14
385.27,95.671,480.66,75.546,521.52,269.21,426.13,289.33
382.54,97.367,473.78,75.329,520.07,266.98,428.83,289.02
380.92,98.798,464.35,80.304,506.33,269.7,422.91,288.19
381.9,96.718,458.28,83.271,492.74,278.97,416.36,292.42
382.37,97.407,458.51,83.932,492.45,275.73,416.31,289.2
377.07,98.657,448.88,82.826,491.3,275.26,419.49,291.09
383.38,93.645,454.97,82.501,485.66,279.7,414.08,290.84
378.49,93.871,445.82,81.24,483.05,279.71,415.72,292.34
390.63,88.049,442.4,81.731,467.1,284.13,415.33,290.44
393.1,82.637,439.12,77.458,462.39,284.28,416.37,289.46
393.21,81.663,439.76,76.639,462.22,284.75,415.67,289.77
392.57,80.301,440.73,75.242,462.7,284.33,414.53,289.39
385.45,73.671,441.91,67.344,465.97,281.98,409.5,288.31
382.52,75.207,441.41,67.695,468.55,280.42,409.66,287.93
382.27,73.487,439.83,66.338,466.27,279.2,408.71,286.35
397.74,70.665,449.7,71.598,445.81,288.49,393.84,287.56
397.48,69.443,448.39,70.096,445.62,286.42,394.71,285.76
400.08,71.315,451.51,71.545,450.52,292.03,399.1,291.8
402.94,72.918,453.81,75.409,443.3,289.98,392.43,287.49
407.43,75.046,454.92,78.786,438.16,291.64,390.67,287.9
405.05,75.238,454.63,78.016,442.86,287.95,393.29,285.17
405.31,67.747,455.77,71.957,437.64,289.17,387.18,284.96
399.68,85.509,453.84,88.377,443.32,286.97,389.16,284.1
399.12,85.959,452.11,89.048,440.61,286.37,387.61,283.28
396.55,80.209,449.74,83.192,438.17,289.43,384.99,286.45
400.2,80.543,449.11,83.534,436.47,290.19,387.56,287.2
400.4,70.494,446.98,73.139,434.52,292.57,387.94,289.92
396.15,73.201,443.53,76.543,428.49,289.65,381.11,286.31
395.82,74.895,443.82,77.593,431.64,294.16,383.65,291.46
393.66,71.323,442.77,74.729,427.86,289.75,378.75,286.35
387.96,73.721,440.54,77.431,425.54,290.02,372.96,286.31
388.95,75.484,440.32,79.25,424.84,290.38,373.47,286.61
386.44,79.501,440.55,83.154,426.52,291.06,372.41,287.41
375.18,82.998,436.74,83.661,434.48,293.33,372.92,292.67
378.12,82.551,437.61,82.753,436.89,294,377.4,293.8
384.44,85.223,435.36,84.809,437.04,292.03,386.12,292.44
377.85,79.528,433.78,79.406,434.24,291.08,378.32,291.2
373.3,91.284,433.18,91.076,433.88,291.3,374,291.5
370.12,92.136,431.02,88.77,442.08,288.77,381.17,292.14
379.31,83.531,426.34,84.926,420.26,289.62,373.24,288.23
377.77,87.825,425.54,88.934,420.86,290.27,373.09,289.16
377.67,84.028,425.28,85.452,419.16,289.97,371.55,288.55
378.2,83.336,424.48,85.085,416.74,289.82,370.47,288.07
381.81,79.781,427.01,82.114,416.29,289.78,371.09,287.45
377.56,86.067,426.81,88.717,415.99,289.72,366.74,287.07
380.08,81.721,435.45,86.23,418.86,289.97,363.49,285.46
381.28,83.903,436.03,88.933,417.51,290.44,362.77,285.41
364.25,87.928,424.75,88.017,424.45,289.1,363.95,289.01
350.46,87.702,416.87,83.465,429.52,281.81,363.11,286.04
353.05,88.524,417.45,84.555,429.41,278.7,365.02,282.67
352.21,87.894,416.42,83.55,429.7,279.81,365.49,284.15
343.74,100.4,411.13,92.149,434.14,280.12,366.75,288.37
341.72,102.99,409.81,93.048,436.99,279.29,368.9,289.22
339.08,106.9,403.25,96.263,433.64,279.63,369.48,290.26
336.84,116.67,399.78,105.22,432.41,284.52,369.46,295.97
334.97,118.05,398.61,105.66,433.32,284.06,369.68,296.45
335.18,120.91,398.25,110.17,427.58,282.38,364.5,293.12
335.09,121.33,398.3,115.4,414.38,286.89,351.17,292.82
332.95,120.46,397.57,113.26,416.96,287.36,352.34,294.56
336.42,116.09,399.04,112.25,409.83,287.81,347.21,291.66
339.89,118.79,402.03,122.1,393.22,287.76,331.08,284.45
344.91,116.3,405.19,121.2,391.59,288.49,331.3,283.59
342.2,118.79,400.8,124.31,385.31,288.79,326.72,283.28
342.42,114.56,403.11,125.54,372.58,294.32,311.88,283.34
351.91,115.62,407.71,129.95,365.01,296.16,309.22,281.83
352.58,113.44,408.09,129.85,358.35,298.11,302.84,281.7
358.5,113.91,413.72,138.3,342.53,299.52,287.31,275.14
361.12,115.26,415.14,140.62,340.03,300.58,286.01,275.22
359.2,115.75,412.62,141.22,337.44,298.9,284.03,273.44
354.9,113.14,405.24,136.68,330.31,296.95,279.96,273.42
338.75,112.17,384.91,123.49,342.27,297.27,296.12,285.95
348.63,112.45,401.03,135.34,330.57,296.64,278.17,273.75
346.49,109.49,397.04,129.25,330.67,299.01,280.13,279.25
346.25,109.95,395.21,129.22,328.43,298.94,279.47,279.67
339.45,107.65,383.26,120.35,331,300.68,287.19,287.98
336.09,102.19,379.57,113.59,330.18,302.03,286.7,290.63
334.96,101.8,380.27,113.25,332.56,302.19,287.25,290.74
337.62,94.787,383.1,106.41,333.21,301.66,287.73,290.04
334.55,91.379,381.68,102.5,335.32,298.9,288.2,287.78
335.01,89.428,381.77,99.994,336.69,299.49,289.93,288.92
336.39,86.13,382.92,96.424,337.76,300.6,291.22,290.31
343.54,86.355,386.99,96.683,339.35,297.12,295.9,286.79
344.19,86.869,386.03,96.866,337.41,300.33,295.58,290.33
343.25,89.446,385.47,98.283,342.24,304.81,300.02,295.97
338.11,90.27,383.48,96.904,353.04,305.08,307.67,298.45
319.96,96.49,377.35,96.112,378.7,301.05,321.31,301.42
342.63,95.009,386.96,103.37,348.48,307.49,304.15,299.14
344.93,97.778,387.99,106.73,345.74,309.92,302.68,300.96
342.73,99.082,386.33,107.39,347.93,308.83,304.34,300.52
342.86,99.167,386.75,106.82,351.33,309.94,307.44,302.29
345.71,102.26,393.43,110.25,359.4,313.34,311.67,305.35
345.5,104.68,394.05,113.36,358.34,313.07,309.79,304.39
347.89,104.15,397.65,112.72,362.75,315.5,312.99,306.93
349.15,104.29,394.43,110.1,367.94,316.62,322.65,310.81
354.43,100.99,399.31,108.04,366.35,317.58,321.48,310.52
